true_label,ai_label,classical_label,classical_bpm,ai_correct,classical_correct,ai_vs_classical_agree
other,other,bradycardia,52.62710029956431,True,False,False
normal,normal,bradycardia,39.689278714076735,True,False,False
normal,normal,bradycardia,41.845374456741844,True,False,False
normal,normal,bradycardia,56.3096963603366,True,False,False
normal,normal,bradycardia,36.89415267565688,True,False,False
normal,normal,bradycardia,39.74756264471596,True,False,False
normal,normal,bradycardia,28.401601140769547,True,False,False
normal,normal,bradycardia,32.698520532050274,True,False,False
normal,normal,bradycardia,31.202665468357672,True,False,False
ventricular,ventricular,bradycardia,44.759648073711105,True,False,False
normal,normal,bradycardia,38.53415500991727,True,False,False
ventricular,ventricular,bradycardia,40.918918051873455,True,False,False
ventricular,ventricular,bradycardia,40.61469647669917,True,False,False
ventricular,ventricular,bradycardia,59.111225104917004,True,False,False
normal,normal,bradycardia,31.155291869917253,True,False,False
ventricular,ventricular,bradycardia,45.2469928937702,True,False,False
normal,normal,bradycardia,46.89453431302362,True,False,False
normal,normal,bradycardia,30.474304981447727,True,False,False
ventricular,ventricular,bradycardia,44.53253325146284,True,False,False
normal,normal,bradycardia,32.00251656747773,True,False,False
normal,normal,bradycardia,46.56619846396284,True,False,False
normal,normal,bradycardia,37.7587915809638,True,False,False
normal,normal,bradycardia,39.28376050197316,True,False,False
normal,normal,bradycardia,40.824181234872896,True,False,False
normal,normal,bradycardia,27.061842079435632,True,False,False
normal,normal,bradycardia,38.408704190730035,True,False,False
normal,normal,bradycardia,51.51210575152338,True,False,False
normal,normal,bradycardia,39.86026257755427,True,False,False
normal,normal,bradycardia,32.711236054286246,True,False,False
normal,normal,bradycardia,43.52546629527245,True,False,False
normal,normal,bradycardia,39.53736165908726,True,False,False
normal,normal,bradycardia,33.229044822458086,True,False,False
normal,normal,bradycardia,50.57502470380832,True,False,False
normal,normal,bradycardia,51.96325210647875,True,False,False
normal,normal,bradycardia,46.8915497926866,True,False,False
ventricular,ventricular,bradycardia,40.989854661872684,True,False,False
normal,normal,bradycardia,35.2398068415802,True,False,False
other,other,bradycardia,39.18865142925239,True,False,False
normal,normal,bradycardia,31.33461568397155,True,False,False
normal,normal,bradycardia,46.69128602514831,True,False,False
supraventricular,supraventricular,bradycardia,40.612442691204016,True,False,False
ventricular,ventricular,bradycardia,47.27999621708136,True,False,False
normal,normal,bradycardia,38.41464342795943,True,False,False
normal,normal,bradycardia,29.150005476476103,True,False,False
ventricular,ventricular,bradycardia,46.588052027523446,True,False,False
normal,normal,bradycardia,52.821739590985985,True,False,False
normal,normal,bradycardia,41.683729995952014,True,False,False
normal,normal,bradycardia,32.08143198068293,True,False,False
normal,normal,bradycardia,49.91992293626853,True,False,False
ventricular,ventricular,bradycardia,47.03657833387487,True,False,False
ventricular,ventricular,bradycardia,38.7772677387586,True,False,False
normal,normal,bradycardia,50.76148899258526,True,False,False
supraventricular,supraventricular,bradycardia,41.13197913342149,True,False,False
normal,normal,bradycardia,46.31520100777691,True,False,False
normal,normal,bradycardia,37.87838905285411,True,False,False
normal,normal,bradycardia,32.89283395213321,True,False,False
normal,normal,bradycardia,32.300718264463484,True,False,False
normal,normal,bradycardia,46.267938181757856,True,False,False
normal,ventricular,bradycardia,49.0853158146284,False,False,False
ventricular,ventricular,bradycardia,43.26065577822585,True,False,False
normal,normal,normal,66.56934769607038,True,True,True
normal,normal,bradycardia,46.54223573599398,True,False,False
ventricular,ventricular,bradycardia,47.5208893709536,True,False,False
ventricular,ventricular,normal,60.74053456198553,True,False,False
other,ventricular,bradycardia,39.45548158795107,False,False,False
other,other,bradycardia,40.42599638099075,True,False,False
ventricular,normal,bradycardia,41.37401366100189,False,False,False
normal,normal,bradycardia,31.847749883870012,True,False,False
normal,normal,bradycardia,46.66625759424877,True,False,False
normal,normal,bradycardia,20.666779063303643,True,False,False
ventricular,ventricular,bradycardia,43.50037111667001,True,False,False
normal,normal,bradycardia,27.883588011279894,True,False,False
normal,normal,bradycardia,37.22202659946806,True,False,False
normal,normal,bradycardia,36.89167612945305,True,False,False
normal,normal,bradycardia,29.27527291120657,True,False,False
normal,normal,bradycardia,58.12593527578212,True,False,False
normal,normal,bradycardia,27.348519901977994,True,False,False
ventricular,ventricular,normal,61.72218334002808,True,False,False
supraventricular,supraventricular,bradycardia,41.9670927884237,True,False,False
normal,normal,bradycardia,19.95541059707933,True,False,False
normal,normal,bradycardia,43.30341575358147,True,False,False
supraventricular,normal,bradycardia,56.75836557516565,False,False,False
other,other,bradycardia,41.31550900270363,True,False,False
normal,normal,bradycardia,40.8657755517064,True,False,False
supraventricular,supraventricular,bradycardia,43.83332874354658,True,False,False
normal,normal,bradycardia,49.72650865191831,True,False,False
normal,normal,bradycardia,30.812173357262584,True,False,False
normal,normal,bradycardia,44.014451101276684,True,False,False
ventricular,ventricular,bradycardia,45.78509672302698,True,False,False
normal,normal,bradycardia,44.293075675345406,True,False,False
normal,normal,bradycardia,38.809277430508764,True,False,False
supraventricular,supraventricular,bradycardia,41.493775305183945,True,False,False
normal,normal,bradycardia,41.703955117767855,True,False,False
normal,normal,bradycardia,36.160375197773774,True,False,False
normal,normal,bradycardia,44.71230923632453,True,False,False
normal,normal,bradycardia,32.474293731719655,True,False,False
normal,normal,bradycardia,44.720933630421605,True,False,False
normal,normal,bradycardia,40.06501496977514,True,False,False
normal,normal,bradycardia,39.156545993760425,True,False,False
normal,normal,bradycardia,45.91887757006762,True,False,False
supraventricular,normal,bradycardia,47.84733692323937,False,False,False
normal,normal,bradycardia,44.57943603930522,True,False,False
normal,normal,bradycardia,32.28103263493881,True,False,False
normal,normal,bradycardia,46.42078019904135,True,False,False
ventricular,normal,bradycardia,47.47290134837934,False,False,False
ventricular,ventricular,bradycardia,40.38881783767536,True,False,False
ventricular,ventricular,bradycardia,46.93874961784011,True,False,False
normal,normal,bradycardia,51.02074443332932,True,False,False
ventricular,ventricular,bradycardia,45.392762016504925,True,False,False
normal,normal,bradycardia,46.37331378738145,True,False,False
normal,normal,bradycardia,53.62554571789694,True,False,False
supraventricular,supraventricular,bradycardia,40.39000550584635,True,False,False
normal,normal,bradycardia,45.606971790326284,True,False,False
ventricular,ventricular,bradycardia,40.49620644770964,True,False,False
normal,normal,bradycardia,50.87114291152845,True,False,False
ventricular,ventricular,bradycardia,42.50663330349656,True,False,False
normal,normal,bradycardia,33.68100002139367,True,False,False
normal,normal,bradycardia,51.07393447132564,True,False,False
normal,normal,bradycardia,35.600367306980885,True,False,False
normal,normal,bradycardia,28.17886072927883,True,False,False
normal,normal,bradycardia,31.93083855960783,True,False,False
normal,normal,bradycardia,48.104163504017905,True,False,False
normal,normal,bradycardia,36.455240480227175,True,False,False
normal,normal,bradycardia,41.70657487552308,True,False,False
normal,normal,bradycardia,38.38216907640768,True,False,False
normal,normal,bradycardia,46.725177770238886,True,False,False
normal,normal,bradycardia,47.14481172857854,True,False,False
normal,normal,bradycardia,46.31504002311261,True,False,False
normal,normal,bradycardia,33.070620458990646,True,False,False
normal,normal,bradycardia,46.43782883540453,True,False,False
other,other,bradycardia,39.47621102388541,True,False,False
ventricular,normal,bradycardia,28.578521129824143,False,False,False
normal,normal,bradycardia,28.225866668503876,True,False,False
other,ventricular,normal,65.33886414343287,False,False,False
normal,normal,bradycardia,52.206967129654615,True,False,False
ventricular,ventricular,normal,64.86360514899259,True,False,False
normal,normal,bradycardia,46.145281633689336,True,False,False
ventricular,ventricular,bradycardia,39.27428208916994,True,False,False
normal,normal,bradycardia,34.88615873192602,True,False,False
normal,normal,bradycardia,43.50609318730045,True,False,False
ventricular,ventricular,bradycardia,52.31310282852636,True,False,False
normal,normal,bradycardia,32.883104444244424,True,False,False
normal,normal,bradycardia,27.4740805741726,True,False,False
normal,normal,bradycardia,32.71320097585179,True,False,False
normal,normal,bradycardia,46.04684709718473,True,False,False
normal,normal,bradycardia,51.12610707151897,True,False,False
normal,normal,bradycardia,27.685846130343414,True,False,False
normal,normal,bradycardia,45.947925938849686,True,False,False
normal,normal,bradycardia,52.48459282052618,True,False,False
normal,normal,bradycardia,27.682102690868163,True,False,False
normal,normal,bradycardia,32.42516544566028,True,False,False
supraventricular,supraventricular,bradycardia,41.12508896990857,True,False,False
ventricular,ventricular,bradycardia,44.14458766381549,True,False,False
normal,normal,bradycardia,46.19227453162391,True,False,False
normal,normal,bradycardia,45.997117998710515,True,False,False
normal,normal,bradycardia,52.446664194437616,True,False,False
normal,normal,bradycardia,48.34946505989664,True,False,False
normal,ventricular,bradycardia,29.98795185201284,False,False,False
ventricular,ventricular,bradycardia,49.81542930284569,True,False,False
ventricular,ventricular,bradycardia,52.034094207388016,True,False,False
ventricular,ventricular,bradycardia,46.36106659621055,True,False,False
normal,normal,bradycardia,38.22909316512757,True,False,False
normal,normal,bradycardia,46.42622244360167,True,False,False
ventricular,ventricular,bradycardia,46.24572253909436,True,False,False
normal,normal,bradycardia,38.808621207683004,True,False,False
normal,normal,bradycardia,31.484096131237045,True,False,False
normal,normal,bradycardia,46.44872220271016,True,False,False
supraventricular,supraventricular,bradycardia,41.64102829102612,True,False,False
ventricular,ventricular,bradycardia,46.58642419767949,True,False,False
ventricular,ventricular,normal,67.49526619480626,True,False,False
ventricular,ventricular,bradycardia,47.42342521420052,True,False,False
normal,normal,bradycardia,27.193249438435465,True,False,False
normal,normal,bradycardia,35.676087423872225,True,False,False
normal,normal,bradycardia,25.982907406449197,True,False,False
normal,normal,bradycardia,35.023729269780766,True,False,False
normal,normal,bradycardia,50.65518342443742,True,False,False
ventricular,ventricular,bradycardia,49.362975356466364,True,False,False
normal,normal,bradycardia,37.81621760207513,True,False,False
normal,normal,bradycardia,37.09755905498055,True,False,False
normal,normal,bradycardia,34.52638542718502,True,False,False
normal,normal,bradycardia,32.6183835874939,True,False,False
ventricular,ventricular,bradycardia,43.134633600448524,True,False,False
normal,normal,bradycardia,40.026671422723844,True,False,False
normal,normal,bradycardia,37.515865815101606,True,False,False
normal,normal,bradycardia,31.0414243423562,True,False,False
normal,normal,bradycardia,27.54349980387713,True,False,False
normal,normal,bradycardia,33.848335732884856,True,False,False
normal,normal,bradycardia,46.981652784750835,True,False,False
normal,normal,bradycardia,31.248657649757277,True,False,False
normal,normal,bradycardia,42.415388053274505,True,False,False
normal,normal,bradycardia,29.77333826037215,True,False,False
supraventricular,supraventricular,bradycardia,37.3400342678389,True,False,False
normal,normal,bradycardia,28.59211137261542,True,False,False
normal,normal,bradycardia,38.479621734679306,True,False,False
normal,normal,bradycardia,46.173592848260306,True,False,False
ventricular,ventricular,bradycardia,51.4532619824063,True,False,False
normal,normal,tachycardia,101.02292142705608,True,False,False
ventricular,ventricular,bradycardia,44.119338149142806,True,False,False
normal,normal,bradycardia,46.196364694272255,True,False,False
normal,normal,bradycardia,32.831204330053865,True,False,False
normal,normal,bradycardia,40.98778657855008,True,False,False
normal,normal,bradycardia,27.543590386572735,True,False,False
ventricular,ventricular,bradycardia,40.08238992725399,True,False,False
ventricular,ventricular,normal,65.63622338102465,True,False,False
ventricular,ventricular,bradycardia,47.10642084562242,True,False,False
normal,normal,bradycardia,34.51396923734413,True,False,False
normal,normal,bradycardia,46.56512157354991,True,False,False
ventricular,ventricular,bradycardia,45.520333684822674,True,False,False
normal,normal,bradycardia,47.491642600615585,True,False,False
normal,normal,normal,61.909345012605385,True,True,True
normal,normal,bradycardia,31.85861586065246,True,False,False
ventricular,ventricular,bradycardia,32.18708555192557,True,False,False
normal,normal,bradycardia,51.722261807423685,True,False,False
normal,normal,bradycardia,39.189136233486145,True,False,False
ventricular,ventricular,normal,61.17490253076391,True,False,False
normal,normal,bradycardia,54.85908014393879,True,False,False
normal,normal,bradycardia,47.74634190390522,True,False,False
normal,normal,bradycardia,39.37264475921919,True,False,False
normal,normal,bradycardia,47.863585720405595,True,False,False
normal,normal,bradycardia,38.922010987949506,True,False,False
ventricular,ventricular,normal,60.54444754661956,True,False,False
normal,normal,bradycardia,37.41847945980696,True,False,False
ventricular,ventricular,bradycardia,57.94456660305903,True,False,False
normal,normal,bradycardia,35.40756188374843,True,False,False
ventricular,ventricular,bradycardia,45.16332446605786,True,False,False
normal,normal,bradycardia,48.22684748550244,True,False,False
normal,normal,bradycardia,35.90474824552747,True,False,False
normal,normal,bradycardia,55.47078512025337,True,False,False
other,other,bradycardia,54.335249819658635,True,False,False
other,other,bradycardia,41.485765873646464,True,False,False
normal,normal,bradycardia,28.019034417165745,True,False,False
ventricular,ventricular,bradycardia,52.54409667687444,True,False,False
normal,normal,bradycardia,28.16715708510653,True,False,False
normal,normal,bradycardia,35.109133826676846,True,False,False
ventricular,ventricular,bradycardia,46.08672274534578,True,False,False
ventricular,ventricular,bradycardia,53.0291415863788,True,False,False
normal,normal,bradycardia,36.348213743965125,True,False,False
normal,normal,bradycardia,35.138811504278934,True,False,False
ventricular,ventricular,normal,63.08695809662716,True,False,False
normal,normal,bradycardia,32.51152016078322,True,False,False
normal,normal,bradycardia,30.719566542409428,True,False,False
normal,normal,bradycardia,38.44695334540287,True,False,False
normal,normal,bradycardia,51.61257721984571,True,False,False
normal,normal,bradycardia,32.26186597429452,True,False,False
normal,normal,bradycardia,39.805775302660074,True,False,False
normal,normal,bradycardia,30.93522539422459,True,False,False
normal,normal,bradycardia,34.64061513675306,True,False,False
ventricular,ventricular,normal,62.62411927389795,True,False,False
ventricular,ventricular,normal,61.362678635527224,True,False,False
normal,normal,bradycardia,46.368255693680055,True,False,False
ventricular,ventricular,bradycardia,46.6429386499894,True,False,False
normal,normal,bradycardia,27.783056437580537,True,False,False
ventricular,ventricular,bradycardia,27.0778461871894,True,False,False
normal,normal,bradycardia,27.73985129426054,True,False,False
normal,normal,bradycardia,51.58439371893448,True,False,False
normal,normal,bradycardia,50.07036778768224,True,False,False
normal,normal,bradycardia,31.71394865484407,True,False,False
normal,normal,bradycardia,28.633080789504923,True,False,False
normal,normal,bradycardia,51.56589468818747,True,False,False
supraventricular,supraventricular,bradycardia,40.29279713250931,True,False,False
normal,normal,bradycardia,43.3705464046698,True,False,False
ventricular,ventricular,bradycardia,41.94724618080348,True,False,False
ventricular,ventricular,bradycardia,33.51009839814981,True,False,False
normal,normal,bradycardia,32.19497176312814,True,False,False
normal,normal,bradycardia,32.72199954239055,True,False,False
normal,normal,bradycardia,49.72620305847608,True,False,False
normal,normal,bradycardia,35.99807230331545,True,False,False
normal,normal,bradycardia,40.49128157334994,True,False,False
ventricular,ventricular,bradycardia,46.84851767155557,True,False,False
ventricular,ventricular,bradycardia,47.38548288812406,True,False,False
normal,normal,bradycardia,36.89167612945305,True,False,False
other,other,bradycardia,40.01104084273265,True,False,False
normal,normal,bradycardia,50.39696759330345,True,False,False
normal,normal,bradycardia,39.84237012550309,True,False,False
normal,normal,bradycardia,28.025798216306796,True,False,False
supraventricular,supraventricular,bradycardia,37.58229772662681,True,False,False
supraventricular,normal,normal,69.24748520910615,False,False,True
normal,normal,bradycardia,37.48775516350005,True,False,False
normal,normal,bradycardia,34.68728518945368,True,False,False
normal,normal,bradycardia,53.558064481719036,True,False,False
normal,normal,bradycardia,51.75636737345559,True,False,False
normal,normal,bradycardia,28.611015249557987,True,False,False
normal,normal,bradycardia,28.32460859934159,True,False,False
normal,normal,bradycardia,46.75103516546868,True,False,False
normal,normal,bradycardia,31.203243296875662,True,False,False
normal,normal,bradycardia,34.513573221277554,True,False,False
supraventricular,normal,bradycardia,52.35849221655126,False,False,False
normal,normal,bradycardia,45.91324521723183,True,False,False
normal,normal,bradycardia,39.682423263788834,True,False,False
ventricular,normal,bradycardia,46.49938019187752,False,False,False
normal,normal,bradycardia,31.860459487938023,True,False,False
normal,normal,bradycardia,50.30330080472286,True,False,False
ventricular,ventricular,bradycardia,41.108787242009655,True,False,False
ventricular,ventricular,bradycardia,48.84585669744644,True,False,False
normal,normal,bradycardia,27.402686657847198,True,False,False
normal,normal,bradycardia,34.79713531397451,True,False,False
ventricular,ventricular,bradycardia,54.742538709849214,True,False,False
ventricular,ventricular,bradycardia,47.33004717149228,True,False,False
ventricular,ventricular,bradycardia,47.81037899501256,True,False,False
ventricular,ventricular,bradycardia,41.108787242009655,True,False,False
ventricular,ventricular,bradycardia,45.97915437488768,True,False,False
ventricular,ventricular,bradycardia,43.144823426363025,True,False,False
normal,normal,bradycardia,45.44796450297335,True,False,False
normal,normal,bradycardia,34.334907744938874,True,False,False
normal,normal,bradycardia,35.31971653711087,True,False,False
normal,normal,bradycardia,39.26501294088687,True,False,False
ventricular,ventricular,bradycardia,37.50636467471603,True,False,False
ventricular,ventricular,bradycardia,32.742838368116956,True,False,False
ventricular,ventricular,bradycardia,54.45634369832461,True,False,False
normal,normal,bradycardia,48.034904847897515,True,False,False
normal,normal,bradycardia,38.41964775334532,True,False,False
normal,normal,bradycardia,34.5493390127932,True,False,False
ventricular,ventricular,bradycardia,31.888378334345536,True,False,False
supraventricular,supraventricular,bradycardia,39.091572739706635,True,False,False
normal,normal,bradycardia,46.49675420971922,True,False,False
ventricular,ventricular,bradycardia,41.19870287623621,True,False,False
normal,normal,bradycardia,49.41486383322391,True,False,False
normal,normal,bradycardia,38.69482400271028,True,False,False
ventricular,ventricular,bradycardia,48.16007732802919,True,False,False
normal,normal,bradycardia,46.42078019904135,True,False,False
normal,normal,bradycardia,34.9889049023361,True,False,False
ventricular,ventricular,bradycardia,37.632985539955975,True,False,False
normal,normal,bradycardia,50.08683860213758,True,False,False
normal,normal,bradycardia,34.5493390127932,True,False,False
normal,normal,bradycardia,31.25758486243514,True,False,False
normal,normal,bradycardia,49.21183046062882,True,False,False
normal,normal,bradycardia,37.51828311362077,True,False,False
normal,normal,bradycardia,39.57266863567145,True,False,False
normal,normal,bradycardia,31.484096131237045,True,False,False
normal,normal,bradycardia,44.99405050117579,True,False,False
normal,normal,bradycardia,38.46483542843169,True,False,False
normal,ventricular,bradycardia,35.71482029241335,False,False,False
normal,normal,normal,87.65900851610255,True,True,True
normal,normal,bradycardia,26.15907263478969,True,False,False
ventricular,ventricular,normal,61.239400894319665,True,False,False
normal,normal,bradycardia,27.793651663428722,True,False,False
normal,normal,bradycardia,46.36396305820309,True,False,False
normal,normal,bradycardia,42.325418359963834,True,False,False
ventricular,normal,bradycardia,52.55499493597183,False,False,False
ventricular,ventricular,bradycardia,44.91167301364339,True,False,False
normal,ventricular,normal,76.77655416439039,False,True,False
normal,normal,bradycardia,35.01602959721758,True,False,False
normal,normal,bradycardia,27.349434418166247,True,False,False
normal,normal,bradycardia,50.840846025612436,True,False,False
ventricular,ventricular,bradycardia,42.24704610380882,True,False,False
normal,normal,bradycardia,50.895270988944795,True,False,False
normal,normal,bradycardia,49.795994513969184,True,False,False
normal,normal,bradycardia,36.07825285744251,True,False,False
normal,ventricular,normal,72.37106583844931,False,True,False
ventricular,normal,bradycardia,53.705226741940024,False,False,False
ventricular,ventricular,bradycardia,39.93373778326256,True,False,False
ventricular,ventricular,bradycardia,44.40871083747527,True,False,False
normal,normal,bradycardia,28.12783601663691,True,False,False
normal,normal,bradycardia,34.36054591241502,True,False,False
supraventricular,supraventricular,normal,63.08687360918553,True,False,False
normal,normal,bradycardia,40.94557981213276,True,False,False
normal,normal,bradycardia,50.50152632946519,True,False,False
normal,normal,bradycardia,33.072657348361446,True,False,False
normal,normal,bradycardia,36.038595073124014,True,False,False
ventricular,ventricular,bradycardia,55.818396965117714,True,False,False
normal,normal,bradycardia,19.936344725858685,True,False,False
normal,normal,bradycardia,20.594259697202983,True,False,False
normal,normal,bradycardia,26.090674780674565,True,False,False
ventricular,normal,bradycardia,51.516051058067156,False,False,False
normal,normal,bradycardia,48.40856785745772,True,False,False
normal,normal,bradycardia,45.93740396142506,True,False,False
normal,normal,bradycardia,28.171516472909317,True,False,False
normal,normal,bradycardia,44.29489737171187,True,False,False
normal,normal,bradycardia,46.03622583196595,True,False,False
normal,normal,bradycardia,41.50703944288707,True,False,False
normal,normal,bradycardia,32.08143198068293,True,False,False
normal,normal,bradycardia,33.60639687021551,True,False,False
normal,normal,bradycardia,41.19866068414456,True,False,False
normal,normal,bradycardia,45.211312685924206,True,False,False
normal,normal,bradycardia,49.956636276211064,True,False,False
normal,normal,bradycardia,52.043990328391125,True,False,False
normal,normal,bradycardia,49.056014742014455,True,False,False
normal,normal,bradycardia,43.91181249108219,True,False,False
normal,normal,bradycardia,28.393787863633808,True,False,False
ventricular,normal,normal,62.28879398938522,False,False,True
ventricular,ventricular,normal,60.282795070813066,True,False,False
normal,normal,bradycardia,20.16134684674895,True,False,False
normal,normal,bradycardia,34.501915939562394,True,False,False
ventricular,ventricular,bradycardia,59.07765407323651,True,False,False
normal,normal,bradycardia,34.79713531397451,True,False,False
normal,normal,bradycardia,30.456290281457814,True,False,False
ventricular,ventricular,bradycardia,45.520333684822674,True,False,False
normal,normal,bradycardia,49.31558538186944,True,False,False
supraventricular,normal,bradycardia,52.35991038503114,False,False,False
ventricular,normal,bradycardia,48.456389043571875,False,False,False
ventricular,ventricular,bradycardia,31.72378529234698,True,False,False
normal,normal,bradycardia,39.45043034524117,True,False,False
normal,normal,bradycardia,47.240340173842156,True,False,False
other,other,bradycardia,53.266379533574884,True,False,False
ventricular,ventricular,bradycardia,41.815766202437274,True,False,False
normal,normal,bradycardia,41.33134000200831,True,False,False
normal,normal,bradycardia,27.801965075697563,True,False,False
normal,normal,bradycardia,34.3931313435742,True,False,False
normal,normal,bradycardia,27.69155978948602,True,False,False
normal,normal,bradycardia,38.28444362875426,True,False,False
normal,normal,bradycardia,35.43849569905787,True,False,False
normal,normal,normal,60.881840084802185,True,True,True
normal,normal,bradycardia,59.26967080528165,True,False,False
normal,normal,bradycardia,42.61243847568324,True,False,False
normal,normal,bradycardia,28.828644776804445,True,False,False
normal,normal,bradycardia,46.81955075388669,True,False,False
normal,normal,bradycardia,35.99807230331545,True,False,False
ventricular,ventricular,bradycardia,40.99118737711601,True,False,False
normal,normal,bradycardia,49.77096155251759,True,False,False
normal,normal,bradycardia,46.146260423324875,True,False,False
normal,normal,bradycardia,31.61472136601829,True,False,False
supraventricular,supraventricular,bradycardia,35.21269952660553,True,False,False
normal,normal,bradycardia,36.66337685242157,True,False,False
normal,normal,bradycardia,27.884487648215778,True,False,False
supraventricular,supraventricular,bradycardia,44.057643807528606,True,False,False
normal,normal,bradycardia,47.14670303074213,True,False,False
normal,normal,bradycardia,27.352333088129704,True,False,False
normal,normal,bradycardia,34.6388103805542,True,False,False
normal,normal,bradycardia,29.77333826037215,True,False,False
normal,normal,bradycardia,33.29724551090131,True,False,False
normal,normal,bradycardia,51.287131048609446,True,False,False
ventricular,ventricular,bradycardia,45.828904190597534,True,False,False
normal,normal,bradycardia,26.646422881147494,True,False,False
ventricular,ventricular,bradycardia,41.22036682327505,True,False,False
ventricular,ventricular,bradycardia,37.605585418510216,True,False,False
normal,normal,bradycardia,31.3388879552837,True,False,False
normal,normal,bradycardia,50.455498771372206,True,False,False
ventricular,ventricular,bradycardia,54.742538709849214,True,False,False
normal,normal,bradycardia,19.698641274890697,True,False,False
normal,normal,bradycardia,46.469395882855,True,False,False
normal,normal,bradycardia,31.641352179372163,True,False,False
ventricular,ventricular,bradycardia,40.73301084445175,True,False,False
normal,normal,bradycardia,35.648850863592564,True,False,False
normal,normal,bradycardia,45.34077407133186,True,False,False
normal,normal,bradycardia,36.591235362605914,True,False,False
normal,normal,bradycardia,28.828644776804445,True,False,False
normal,normal,bradycardia,28.559524603260517,True,False,False
normal,normal,bradycardia,30.09168363262178,True,False,False
normal,normal,bradycardia,34.895390667962474,True,False,False
ventricular,ventricular,bradycardia,47.147621480473816,True,False,False
ventricular,ventricular,bradycardia,38.85572243615627,True,False,False
normal,normal,bradycardia,32.60364618802189,True,False,False
normal,normal,bradycardia,50.42122124620152,True,False,False
normal,normal,bradycardia,39.805775302660074,True,False,False
ventricular,ventricular,bradycardia,30.942189323264397,True,False,False
normal,normal,bradycardia,51.29651751829738,True,False,False
supraventricular,supraventricular,bradycardia,38.94228355111718,True,False,False
other,other,bradycardia,40.500360808780904,True,False,False
normal,normal,bradycardia,45.13714942695219,True,False,False
normal,normal,bradycardia,45.3841210933347,True,False,False
supraventricular,supraventricular,bradycardia,41.668716230067346,True,False,False
ventricular,ventricular,normal,60.28219960614103,True,False,False
normal,normal,bradycardia,34.92752802456383,True,False,False
ventricular,ventricular,bradycardia,30.942189323264397,True,False,False
ventricular,ventricular,bradycardia,59.568434189128844,True,False,False
ventricular,ventricular,bradycardia,47.744166042601826,True,False,False
supraventricular,supraventricular,bradycardia,34.73240371422739,True,False,False
normal,supraventricular,bradycardia,49.49740819249057,False,False,False
ventricular,ventricular,bradycardia,31.09577689959461,True,False,False
normal,normal,bradycardia,33.329817824364724,True,False,False
supraventricular,supraventricular,bradycardia,55.160319739791895,True,False,False
normal,normal,bradycardia,37.986286936420186,True,False,False
normal,normal,bradycardia,46.627078397919405,True,False,False
ventricular,ventricular,bradycardia,45.531306322598546,True,False,False
normal,normal,bradycardia,46.05606160667942,True,False,False
normal,normal,bradycardia,42.39443730316915,True,False,False
normal,normal,tachycardia,100.4482202153481,True,False,False
ventricular,ventricular,normal,61.826793741395974,True,False,False
ventricular,ventricular,bradycardia,37.914575675203004,True,False,False
normal,normal,bradycardia,40.98786865568991,True,False,False
ventricular,normal,bradycardia,46.5283850194252,False,False,False
normal,normal,bradycardia,27.352032067824172,True,False,False
normal,normal,bradycardia,27.14020612683888,True,False,False
ventricular,normal,bradycardia,59.83224255967489,False,False,False
ventricular,ventricular,bradycardia,49.60507454771988,True,False,False
normal,normal,bradycardia,28.269637343871473,True,False,False
normal,normal,bradycardia,29.46631585338066,True,False,False
normal,normal,bradycardia,42.37391624362284,True,False,False
normal,normal,bradycardia,49.795994513969184,True,False,False
ventricular,ventricular,bradycardia,44.9847866639082,True,False,False
normal,normal,bradycardia,35.251536973176854,True,False,False
normal,normal,bradycardia,49.87383519421494,True,False,False
normal,normal,bradycardia,37.891437128080696,True,False,False
normal,normal,bradycardia,35.5681610542958,True,False,False
normal,normal,bradycardia,38.18030063977578,True,False,False
normal,normal,bradycardia,37.97432218103676,True,False,False
normal,normal,bradycardia,27.84575497625736,True,False,False
normal,normal,bradycardia,35.459898455890745,True,False,False
ventricular,ventricular,bradycardia,49.47738065113063,True,False,False
normal,normal,bradycardia,33.286109792983524,True,False,False
normal,normal,bradycardia,30.109185138324598,True,False,False
normal,normal,bradycardia,44.798468579011406,True,False,False
normal,normal,bradycardia,29.11413457778009,True,False,False
other,other,bradycardia,40.289334327526944,True,False,False
normal,normal,bradycardia,46.51214112921255,True,False,False
ventricular,ventricular,bradycardia,53.216622082977956,True,False,False
normal,normal,bradycardia,27.06341670424675,True,False,False
normal,normal,bradycardia,47.14670303074213,True,False,False
ventricular,ventricular,bradycardia,31.246476023671818,True,False,False
normal,normal,bradycardia,39.66986257209631,True,False,False
normal,normal,bradycardia,46.42078019904135,True,False,False
ventricular,ventricular,bradycardia,36.37238327764861,True,False,False
fusion,fusion,bradycardia,30.52390382579152,True,False,False
normal,normal,bradycardia,36.89415267565688,True,False,False
normal,supraventricular,bradycardia,52.709629601638426,False,False,False
normal,normal,bradycardia,38.365911492664516,True,False,False
normal,normal,bradycardia,48.88620135432393,True,False,False
normal,normal,bradycardia,38.44137737992904,True,False,False
normal,normal,bradycardia,38.72622869364882,True,False,False
normal,normal,bradycardia,31.71091603155041,True,False,False
normal,normal,bradycardia,37.70393160911131,True,False,False
normal,normal,bradycardia,52.83855180833061,True,False,False
normal,normal,bradycardia,30.385445482474363,True,False,False
other,other,bradycardia,39.41467077451455,True,False,False
supraventricular,supraventricular,bradycardia,39.57043746790285,True,False,False
normal,normal,bradycardia,32.20834199530934,True,False,False
supraventricular,normal,bradycardia,56.742874601344916,False,False,False
normal,normal,bradycardia,48.67294709100933,True,False,False
ventricular,ventricular,bradycardia,50.84273328493163,True,False,False
normal,normal,bradycardia,45.44796450297335,True,False,False
normal,normal,bradycardia,33.5429259276555,True,False,False
ventricular,normal,bradycardia,51.733168447621715,False,False,False
normal,normal,bradycardia,44.22880056699508,True,False,False
normal,normal,bradycardia,37.321252525379336,True,False,False
normal,ventricular,bradycardia,48.762142626904854,False,False,False
supraventricular,supraventricular,bradycardia,40.15712455570565,True,False,False
normal,normal,bradycardia,39.369460407105514,True,False,False
normal,normal,bradycardia,32.65565576559103,True,False,False
normal,normal,bradycardia,20.276597236467982,True,False,False
normal,normal,bradycardia,27.827568854310925,True,False,False
ventricular,ventricular,bradycardia,53.16870855896539,True,False,False
normal,normal,bradycardia,39.81341906966066,True,False,False
ventricular,ventricular,bradycardia,57.20712136986999,True,False,False
ventricular,ventricular,bradycardia,56.68399546451415,True,False,False
ventricular,ventricular,bradycardia,35.02291669899869,True,False,False
normal,normal,bradycardia,39.447768084364725,True,False,False
ventricular,ventricular,bradycardia,49.18250934702923,True,False,False
normal,normal,bradycardia,37.924518070237696,True,False,False
normal,normal,bradycardia,42.64206755496117,True,False,False
normal,normal,bradycardia,37.498172957222906,True,False,False
normal,normal,bradycardia,34.95287428829137,True,False,False
other,other,bradycardia,40.56153526643631,True,False,False
normal,normal,bradycardia,47.63498058009542,True,False,False
ventricular,ventricular,bradycardia,44.8605802875268,True,False,False
other,other,bradycardia,39.4744982619536,True,False,False
normal,normal,bradycardia,33.848335732884856,True,False,False
ventricular,ventricular,bradycardia,44.060755980522934,True,False,False
normal,normal,bradycardia,38.72005089874654,True,False,False
normal,normal,bradycardia,49.10797218849211,True,False,False
normal,normal,bradycardia,37.13016323155232,True,False,False
normal,normal,bradycardia,33.246958226602494,True,False,False
normal,normal,bradycardia,31.57540199449476,True,False,False
normal,normal,bradycardia,46.28083310359419,True,False,False
ventricular,ventricular,bradycardia,46.696933467697136,True,False,False
normal,normal,bradycardia,38.984514397000304,True,False,False
normal,normal,bradycardia,47.0833227209071,True,False,False
ventricular,normal,bradycardia,26.733896057162404,False,False,False
normal,normal,bradycardia,32.33087068126242,True,False,False
ventricular,ventricular,bradycardia,32.742838368116956,True,False,False
normal,ventricular,normal,60.97267286054381,False,True,False
normal,normal,bradycardia,37.43508615266563,True,False,False
normal,normal,normal,62.15272391688676,True,True,True
ventricular,normal,normal,61.80523984886264,False,False,True
ventricular,ventricular,normal,60.75594577843826,True,False,False
normal,normal,bradycardia,47.4571723299665,True,False,False
other,other,bradycardia,40.91430781314459,True,False,False
normal,normal,bradycardia,52.043990328391125,True,False,False
ventricular,normal,bradycardia,46.06150953964376,False,False,False
normal,normal,bradycardia,24.851436579598033,True,False,False
normal,normal,bradycardia,27.74844447969821,True,False,False
ventricular,ventricular,bradycardia,45.19144899442354,True,False,False
normal,normal,bradycardia,35.17721997575349,True,False,False
normal,normal,bradycardia,32.640998475543334,True,False,False
normal,normal,bradycardia,38.16028318760828,True,False,False
normal,normal,bradycardia,28.064221832096603,True,False,False
normal,normal,bradycardia,37.23396622634609,True,False,False
normal,normal,bradycardia,47.86563850157709,True,False,False
supraventricular,supraventricular,bradycardia,49.25328370446543,True,False,False
normal,normal,bradycardia,34.978506288009044,True,False,False
normal,normal,bradycardia,46.71846435398452,True,False,False
normal,normal,bradycardia,38.51150900309631,True,False,False
normal,normal,bradycardia,35.5107665603261,True,False,False
normal,normal,bradycardia,38.10757768623905,True,False,False
normal,normal,tachycardia,107.26737263741147,True,False,False
normal,normal,bradycardia,31.55682406716922,True,False,False
ventricular,ventricular,bradycardia,31.13530289723266,True,False,False
normal,normal,bradycardia,47.14670303074213,True,False,False
ventricular,ventricular,bradycardia,40.69376487326359,True,False,False
normal,normal,bradycardia,32.77893297325072,True,False,False
ventricular,ventricular,bradycardia,30.196892118295253,True,False,False
fusion,fusion,bradycardia,52.5299111171778,True,False,False
normal,normal,bradycardia,28.26328079099551,True,False,False
normal,normal,bradycardia,38.19040821895281,True,False,False
ventricular,ventricular,bradycardia,40.33334742887269,True,False,False
ventricular,ventricular,bradycardia,38.88591246881395,True,False,False
normal,normal,bradycardia,30.869745855254035,True,False,False
other,other,bradycardia,40.564804233677236,True,False,False
ventricular,ventricular,bradycardia,44.00973591939803,True,False,False
normal,normal,bradycardia,46.74892704654412,True,False,False
normal,normal,bradycardia,20.594259697202983,True,False,False
normal,normal,bradycardia,31.94252023306445,True,False,False
ventricular,ventricular,bradycardia,48.218519144974145,True,False,False
normal,normal,bradycardia,45.567952318745064,True,False,False
supraventricular,supraventricular,bradycardia,39.76818461067202,True,False,False
normal,normal,bradycardia,49.73381576985982,True,False,False
normal,normal,bradycardia,45.53834365813994,True,False,False
normal,normal,bradycardia,51.47227799015236,True,False,False
normal,normal,bradycardia,44.15473529312997,True,False,False
ventricular,normal,bradycardia,26.878913597254236,False,False,False
normal,normal,bradycardia,50.102563239871124,True,False,False
normal,normal,bradycardia,34.15608879682402,True,False,False
normal,normal,bradycardia,49.079665969358885,True,False,False
normal,normal,bradycardia,48.726060133458404,True,False,False
ventricular,ventricular,bradycardia,46.44003619192408,True,False,False
normal,normal,bradycardia,41.98035134430211,True,False,False
normal,normal,bradycardia,32.90907916483585,True,False,False
normal,normal,bradycardia,37.61814607805011,True,False,False
normal,normal,bradycardia,38.27033588508174,True,False,False
normal,normal,bradycardia,32.41698398296131,True,False,False
ventricular,ventricular,bradycardia,30.6159663931867,True,False,False
normal,normal,bradycardia,27.697716547590986,True,False,False
normal,normal,bradycardia,46.80690955411053,True,False,False
normal,normal,bradycardia,40.29971022729725,True,False,False
normal,normal,bradycardia,36.65801197877215,True,False,False
ventricular,ventricular,bradycardia,35.325839162655505,True,False,False
normal,normal,bradycardia,35.11629033694101,True,False,False
normal,normal,bradycardia,40.70334765272709,True,False,False
normal,normal,bradycardia,39.55182822285376,True,False,False
normal,normal,bradycardia,27.958628287522682,True,False,False
normal,normal,bradycardia,50.14766307176126,True,False,False
ventricular,ventricular,bradycardia,45.81219210782139,True,False,False
ventricular,ventricular,bradycardia,44.96340482694927,True,False,False
normal,normal,bradycardia,36.06098720182867,True,False,False
normal,normal,bradycardia,41.632668091009954,True,False,False
normal,normal,bradycardia,47.7517374049747,True,False,False
normal,normal,bradycardia,30.23028930505229,True,False,False
normal,normal,bradycardia,42.55309141797472,True,False,False
normal,normal,bradycardia,29.574506010144386,True,False,False
normal,normal,bradycardia,33.83606872903918,True,False,False
normal,normal,bradycardia,48.15815443263956,True,False,False
normal,normal,bradycardia,36.64449333972109,True,False,False
ventricular,ventricular,bradycardia,46.921853860227,True,False,False
ventricular,ventricular,bradycardia,45.283844965583654,True,False,False
normal,normal,bradycardia,25.85103433510911,True,False,False
ventricular,ventricular,bradycardia,43.26210931208777,True,False,False
ventricular,ventricular,bradycardia,40.900623347207706,True,False,False
normal,normal,bradycardia,39.420659707595206,True,False,False
ventricular,ventricular,bradycardia,56.28716108011905,True,False,False
normal,normal,bradycardia,30.498476864962132,True,False,False
normal,normal,bradycardia,37.48775516350005,True,False,False
normal,normal,bradycardia,38.587344309546936,True,False,False
normal,normal,bradycardia,50.1467598705413,True,False,False
normal,normal,bradycardia,28.264762388400744,True,False,False
normal,normal,bradycardia,46.011818330090904,True,False,False
normal,normal,bradycardia,35.90474824552747,True,False,False
normal,normal,bradycardia,41.342735786327,True,False,False
normal,normal,bradycardia,50.20018950530037,True,False,False
normal,normal,bradycardia,32.40315252111465,True,False,False
ventricular,ventricular,bradycardia,44.34659368214154,True,False,False
normal,normal,bradycardia,36.84257415999253,True,False,False
normal,normal,bradycardia,28.421852113059888,True,False,False
other,other,bradycardia,40.402188880087174,True,False,False
ventricular,ventricular,bradycardia,44.751646115769795,True,False,False
supraventricular,supraventricular,bradycardia,44.07123808038401,True,False,False
normal,normal,bradycardia,36.66337685242157,True,False,False
normal,normal,bradycardia,31.464458180192864,True,False,False
normal,normal,bradycardia,19.33148718938034,True,False,False
normal,normal,bradycardia,31.203243296875662,True,False,False
normal,normal,bradycardia,48.61129002152377,True,False,False
ventricular,ventricular,bradycardia,59.462135521288026,True,False,False
normal,normal,bradycardia,47.95334285353164,True,False,False
normal,normal,bradycardia,33.507903519360944,True,False,False
normal,normal,bradycardia,27.061842079435632,True,False,False
normal,normal,bradycardia,45.87416389340957,True,False,False
normal,normal,bradycardia,49.30884515761773,True,False,False
normal,normal,bradycardia,38.79906890122819,True,False,False
supraventricular,supraventricular,bradycardia,44.8899521058376,True,False,False
normal,normal,bradycardia,43.540148752001166,True,False,False
ventricular,normal,bradycardia,54.091908041795236,False,False,False
normal,normal,bradycardia,30.001173459016655,True,False,False
normal,normal,bradycardia,43.47697135238713,True,False,False
normal,normal,bradycardia,50.42195335631074,True,False,False
normal,normal,bradycardia,34.64061513675306,True,False,False
normal,normal,bradycardia,47.71905034909552,True,False,False
normal,normal,bradycardia,47.505427730466934,True,False,False
supraventricular,supraventricular,bradycardia,40.79621405947431,True,False,False
ventricular,normal,bradycardia,58.066413360035924,False,False,False
normal,normal,bradycardia,37.81449987957813,True,False,False
supraventricular,supraventricular,bradycardia,31.301462641200544,True,False,False
ventricular,ventricular,bradycardia,35.508820137169046,True,False,False
normal,normal,bradycardia,25.34897047000964,True,False,False
ventricular,ventricular,bradycardia,40.53526362109464,True,False,False
normal,normal,bradycardia,42.61243847568324,True,False,False
ventricular,ventricular,bradycardia,38.474868372969105,True,False,False
normal,normal,bradycardia,53.153416368494746,True,False,False
ventricular,ventricular,bradycardia,47.5208893709536,True,False,False
normal,normal,bradycardia,29.533252339463825,True,False,False
ventricular,ventricular,bradycardia,49.30780698800841,True,False,False
normal,normal,bradycardia,42.97690884844988,True,False,False
normal,normal,bradycardia,48.656019182891335,True,False,False
normal,normal,bradycardia,34.072252340777226,True,False,False
ventricular,ventricular,bradycardia,32.36156663379979,True,False,False
supraventricular,supraventricular,normal,95.56083199568468,True,False,False
normal,normal,bradycardia,29.28336715617103,True,False,False
normal,normal,bradycardia,49.11552992488437,True,False,False
normal,normal,normal,62.981826432124336,True,True,True
normal,normal,bradycardia,41.53281283925162,True,False,False
normal,normal,bradycardia,34.50547838300042,True,False,False
normal,normal,bradycardia,37.81449987957813,True,False,False
normal,normal,bradycardia,52.085468114856766,True,False,False
fusion,normal,normal,69.01905240372565,False,False,True
normal,normal,bradycardia,44.262196343844074,True,False,False
normal,normal,bradycardia,36.85862894399568,True,False,False
normal,normal,bradycardia,43.900339239187694,True,False,False
normal,normal,bradycardia,31.88366599940404,True,False,False
normal,ventricular,bradycardia,38.50607546181907,False,False,False
normal,normal,bradycardia,44.00169595558882,True,False,False
normal,normal,bradycardia,52.501643964591736,True,False,False
supraventricular,supraventricular,bradycardia,49.25328370446543,True,False,False
ventricular,ventricular,bradycardia,47.13404298782886,True,False,False
ventricular,ventricular,bradycardia,40.99816026176327,True,False,False
normal,normal,bradycardia,31.55682406716922,True,False,False
supraventricular,supraventricular,bradycardia,41.9670927884237,True,False,False
supraventricular,supraventricular,bradycardia,40.14434551538638,True,False,False
normal,normal,bradycardia,31.979451299670714,True,False,False
normal,normal,bradycardia,37.91438369785294,True,False,False
normal,normal,bradycardia,32.18948142920017,True,False,False
normal,normal,bradycardia,35.96950574481694,True,False,False
normal,normal,bradycardia,33.34492537413277,True,False,False
normal,normal,bradycardia,38.73666956133806,True,False,False
normal,normal,bradycardia,33.72918716468273,True,False,False
normal,normal,bradycardia,32.72142730367714,True,False,False
normal,other,bradycardia,41.17197057084139,False,False,False
supraventricular,supraventricular,bradycardia,40.777518453844316,True,False,False
normal,normal,bradycardia,34.52901625899015,True,False,False
normal,normal,bradycardia,40.54310041930804,True,False,False
normal,normal,bradycardia,45.44572582227287,True,False,False
ventricular,ventricular,bradycardia,56.90835911121217,True,False,False
normal,normal,bradycardia,38.15803574420747,True,False,False
normal,normal,bradycardia,48.0762760704063,True,False,False
normal,normal,bradycardia,49.17471199052978,True,False,False
ventricular,ventricular,bradycardia,40.59026246254487,True,False,False
normal,normal,bradycardia,36.03762263895681,True,False,False
normal,normal,bradycardia,39.54954450934428,True,False,False
normal,normal,bradycardia,47.98940890882464,True,False,False
ventricular,ventricular,bradycardia,37.749900319316026,True,False,False
normal,normal,bradycardia,39.48067865332859,True,False,False
normal,normal,bradycardia,34.78270902569451,True,False,False
ventricular,normal,bradycardia,42.30646078416453,False,False,False
normal,normal,bradycardia,29.05549024159319,True,False,False
ventricular,ventricular,normal,77.81150754476732,True,False,False
normal,normal,bradycardia,35.94239780398094,True,False,False
normal,normal,bradycardia,34.02073607263768,True,False,False
normal,normal,bradycardia,38.76784972493068,True,False,False
normal,normal,bradycardia,32.26186597429452,True,False,False
ventricular,ventricular,bradycardia,48.64627779770189,True,False,False
normal,normal,bradycardia,38.77137794340171,True,False,False
normal,normal,bradycardia,28.311012093695346,True,False,False
normal,normal,bradycardia,50.62220650678855,True,False,False
normal,normal,bradycardia,43.60018469289076,True,False,False
normal,normal,bradycardia,39.74756264471596,True,False,False
normal,other,bradycardia,37.356096553639105,False,False,False
normal,normal,bradycardia,44.428452986007294,True,False,False
normal,normal,bradycardia,40.29971022729725,True,False,False
normal,normal,bradycardia,27.40549758953066,True,False,False
normal,normal,bradycardia,27.321697969949927,True,False,False
normal,normal,bradycardia,37.08148007673093,True,False,False
ventricular,ventricular,bradycardia,38.83400113419742,True,False,False
normal,normal,bradycardia,28.596434480518198,True,False,False
normal,normal,bradycardia,36.91360865438265,True,False,False
normal,normal,bradycardia,37.09755905498055,True,False,False
normal,normal,bradycardia,39.052370533505325,True,False,False
normal,normal,bradycardia,27.61842288305049,True,False,False
normal,normal,bradycardia,40.97668840735164,True,False,False
normal,normal,bradycardia,35.94239780398094,True,False,False
normal,normal,bradycardia,31.288038233429056,True,False,False
ventricular,ventricular,bradycardia,59.21359224498917,True,False,False
normal,normal,bradycardia,38.53415500991727,True,False,False
normal,normal,bradycardia,36.225174697666326,True,False,False
normal,ventricular,bradycardia,50.66476419507018,False,False,False
normal,normal,bradycardia,47.324543618718266,True,False,False
ventricular,ventricular,bradycardia,54.39473977041074,True,False,False
normal,normal,bradycardia,32.42561648814482,True,False,False
normal,normal,bradycardia,28.562469728625956,True,False,False
normal,normal,bradycardia,41.05755655008529,True,False,False
normal,normal,bradycardia,36.777226222258705,True,False,False
normal,normal,normal,74.0650598740142,True,True,True
ventricular,ventricular,bradycardia,45.33849672458065,True,False,False
normal,normal,bradycardia,32.38128930409945,True,False,False
normal,normal,bradycardia,35.738593764320036,True,False,False
supraventricular,supraventricular,normal,66.27337924900459,True,False,False
normal,normal,bradycardia,37.70393160911131,True,False,False
normal,normal,bradycardia,38.68801698882732,True,False,False
normal,normal,bradycardia,38.28175391755526,True,False,False
normal,normal,bradycardia,32.59789376817929,True,False,False
normal,normal,bradycardia,34.27408613263778,True,False,False
normal,normal,bradycardia,42.989942577397926,True,False,False
normal,normal,bradycardia,36.51971731012939,True,False,False
ventricular,normal,bradycardia,57.973585044230504,False,False,False
normal,normal,bradycardia,47.691890990994196,True,False,False
normal,normal,bradycardia,35.676087423872225,True,False,False
supraventricular,supraventricular,bradycardia,42.38561238034527,True,False,False
ventricular,ventricular,bradycardia,31.189810384962456,True,False,False
ventricular,ventricular,bradycardia,38.096821864826325,True,False,False
supraventricular,supraventricular,bradycardia,49.781342977282364,True,False,False
normal,normal,bradycardia,35.51981948535532,True,False,False
other,other,bradycardia,39.15939244292156,True,False,False
ventricular,supraventricular,bradycardia,31.301462641200544,False,False,False
ventricular,ventricular,normal,61.44494487035318,True,False,False
normal,normal,bradycardia,54.85908014393879,True,False,False
normal,normal,bradycardia,45.78609521596968,True,False,False
ventricular,ventricular,bradycardia,48.517576968689234,True,False,False
normal,normal,bradycardia,32.9976883756634,True,False,False
normal,normal,bradycardia,36.34389603077235,True,False,False
supraventricular,supraventricular,bradycardia,44.342910990916174,True,False,False
ventricular,ventricular,normal,63.5530257176678,True,False,False
normal,normal,bradycardia,49.06196607225173,True,False,False
ventricular,ventricular,bradycardia,41.433752519898604,True,False,False
ventricular,normal,normal,60.12952237069952,False,False,True
normal,normal,bradycardia,39.28766101203743,True,False,False
normal,normal,bradycardia,43.3705464046698,True,False,False
normal,normal,bradycardia,39.47559513233676,True,False,False
normal,normal,bradycardia,34.12192593106771,True,False,False
normal,normal,bradycardia,38.603625498069604,True,False,False
normal,normal,bradycardia,28.370526472670814,True,False,False
supraventricular,supraventricular,bradycardia,40.837804558817474,True,False,False
normal,normal,tachycardia,101.02292142705608,True,False,False
normal,normal,bradycardia,39.19072824258744,True,False,False
normal,normal,bradycardia,32.605566923618305,True,False,False
normal,normal,normal,94.64228662706265,True,True,True
normal,normal,bradycardia,44.75562393661335,True,False,False
normal,normal,bradycardia,34.37093217930915,True,False,False
normal,normal,bradycardia,28.450592661316307,True,False,False
normal,normal,bradycardia,28.02195057025089,True,False,False
normal,normal,bradycardia,33.99889111534228,True,False,False
ventricular,ventricular,bradycardia,50.841893192407476,True,False,False
normal,normal,bradycardia,39.66986257209631,True,False,False
normal,normal,bradycardia,30.474304981447727,True,False,False
normal,normal,bradycardia,46.36340243376291,True,False,False
normal,normal,bradycardia,49.795994513969184,True,False,False
supraventricular,normal,bradycardia,43.45781089416286,False,False,False
normal,normal,bradycardia,41.50703944288707,True,False,False
normal,normal,normal,84.2495151213951,True,True,True
normal,normal,normal,62.880614451915875,True,True,True
ventricular,ventricular,bradycardia,33.16153624297169,True,False,False
normal,normal,bradycardia,30.23028930505229,True,False,False
normal,normal,bradycardia,19.864121600302376,True,False,False
normal,normal,bradycardia,44.90786109817498,True,False,False
normal,normal,bradycardia,48.518682496236806,True,False,False
ventricular,ventricular,normal,61.25831926940728,True,False,False
normal,normal,bradycardia,39.39960067271841,True,False,False
normal,normal,bradycardia,33.67582387366995,True,False,False
normal,normal,bradycardia,41.38263528153893,True,False,False
normal,normal,bradycardia,27.061842079435632,True,False,False
supraventricular,normal,bradycardia,40.97001201482571,False,False,False
normal,ventricular,bradycardia,41.28993906882273,False,False,False
other,other,bradycardia,39.95838168765445,True,False,False
normal,normal,normal,97.07722946686266,True,True,True
ventricular,normal,bradycardia,49.867397343584834,False,False,False
normal,normal,bradycardia,51.45480639804917,True,False,False
normal,normal,tachycardia,101.02292142705608,True,False,False
normal,normal,bradycardia,47.012712270274626,True,False,False
ventricular,ventricular,bradycardia,52.462591483717745,True,False,False
normal,normal,bradycardia,34.782944018244464,True,False,False
normal,normal,bradycardia,45.711003531345426,True,False,False
ventricular,ventricular,bradycardia,42.83592559416655,True,False,False
normal,normal,bradycardia,35.84071268892933,True,False,False
normal,normal,bradycardia,40.091820267820474,True,False,False
normal,normal,bradycardia,31.74174110965454,True,False,False
normal,normal,bradycardia,27.685846130343414,True,False,False
other,other,bradycardia,40.23635234675556,True,False,False
normal,normal,bradycardia,32.11692220023834,True,False,False
normal,normal,bradycardia,39.01539877858991,True,False,False
normal,normal,bradycardia,52.085468114856766,True,False,False
ventricular,ventricular,bradycardia,53.32221809562178,True,False,False
normal,normal,bradycardia,35.107724715686544,True,False,False
normal,normal,bradycardia,29.86212616011119,True,False,False
fusion,normal,bradycardia,44.9788904642921,False,False,False
normal,normal,bradycardia,48.84962647348727,True,False,False
normal,normal,bradycardia,26.999920244941627,True,False,False
normal,normal,bradycardia,47.31352274751763,True,False,False
normal,normal,bradycardia,32.74760060286998,True,False,False
normal,normal,bradycardia,38.263346930652645,True,False,False
supraventricular,supraventricular,bradycardia,40.2471720937344,True,False,False
normal,normal,bradycardia,28.15467837761544,True,False,False
ventricular,ventricular,bradycardia,44.802142025129804,True,False,False
ventricular,ventricular,bradycardia,40.826631694864055,True,False,False
normal,normal,bradycardia,26.999920244941627,True,False,False
supraventricular,supraventricular,bradycardia,44.07123808038401,True,False,False
other,other,bradycardia,40.714700544665,True,False,False
normal,normal,bradycardia,34.73145458520372,True,False,False
ventricular,ventricular,bradycardia,59.29984996608978,True,False,False
ventricular,ventricular,normal,60.62909080234668,True,False,False
normal,normal,bradycardia,28.025798216306796,True,False,False
normal,normal,bradycardia,46.76477530727539,True,False,False
ventricular,ventricular,bradycardia,46.975601693829766,True,False,False
normal,normal,bradycardia,35.18072752901547,True,False,False
normal,normal,bradycardia,46.05606160667942,True,False,False
normal,normal,bradycardia,58.888874646033905,True,False,False
normal,normal,bradycardia,48.22601886424094,True,False,False
normal,normal,bradycardia,37.547787222310305,True,False,False
normal,normal,bradycardia,46.58694179649349,True,False,False
other,other,bradycardia,39.778870742567314,True,False,False
supraventricular,supraventricular,bradycardia,40.94788673759312,True,False,False
normal,normal,bradycardia,36.550487445536625,True,False,False
normal,normal,bradycardia,45.326158397835535,True,False,False
ventricular,ventricular,bradycardia,47.326941780171495,True,False,False
normal,normal,bradycardia,32.050007913424565,True,False,False
normal,normal,bradycardia,42.50283111707463,True,False,False
normal,normal,bradycardia,34.27408613263778,True,False,False
normal,normal,bradycardia,33.98978641755914,True,False,False
normal,normal,bradycardia,51.15120260909208,True,False,False
normal,normal,bradycardia,48.13740758843461,True,False,False
normal,normal,bradycardia,46.81955075388669,True,False,False
supraventricular,supraventricular,bradycardia,42.801548952324296,True,False,False
normal,normal,bradycardia,27.57855768845882,True,False,False
normal,normal,bradycardia,51.971732633589895,True,False,False
normal,normal,bradycardia,34.9973098511638,True,False,False
normal,ventricular,normal,63.90280332042794,False,True,False
normal,normal,bradycardia,34.94272015732621,True,False,False
normal,normal,bradycardia,39.28123023651995,True,False,False
normal,normal,bradycardia,45.784798997644,True,False,False
normal,normal,bradycardia,43.79564364007941,True,False,False
normal,normal,bradycardia,33.50624614448324,True,False,False
normal,ventricular,bradycardia,56.35427308543251,False,False,False
normal,normal,normal,97.07722946686266,True,True,True
normal,normal,bradycardia,56.436878765699724,True,False,False
supraventricular,supraventricular,bradycardia,59.36333892959155,True,False,False
ventricular,ventricular,bradycardia,48.083682976896,True,False,False
normal,normal,bradycardia,27.8819384066722,True,False,False
supraventricular,normal,bradycardia,39.29103003751905,False,False,False
normal,normal,bradycardia,46.05606160667942,True,False,False
normal,normal,bradycardia,31.291598723327738,True,False,False
normal,normal,bradycardia,29.893089070439725,True,False,False
ventricular,ventricular,bradycardia,36.17608828130511,True,False,False
supraventricular,ventricular,bradycardia,47.77635604894475,False,False,False
normal,normal,bradycardia,48.25636229809699,True,False,False
normal,normal,bradycardia,47.072751411995085,True,False,False
normal,normal,bradycardia,47.991276288957756,True,False,False
ventricular,ventricular,bradycardia,45.3070153165924,True,False,False
ventricular,ventricular,normal,60.282795070813066,True,False,False
normal,normal,bradycardia,33.29724551090131,True,False,False
ventricular,ventricular,bradycardia,45.520958185396175,True,False,False
normal,normal,bradycardia,34.383661458995746,True,False,False
normal,normal,bradycardia,33.34208373822036,True,False,False
normal,normal,bradycardia,43.227150074903,True,False,False
normal,normal,bradycardia,35.48554342484547,True,False,False
fusion,ventricular,bradycardia,55.64004062779146,False,False,False
normal,normal,bradycardia,38.290641472399486,True,False,False
ventricular,ventricular,bradycardia,48.39489641120084,True,False,False
ventricular,ventricular,bradycardia,42.45845302552719,True,False,False
normal,normal,bradycardia,30.900405563082415,True,False,False
normal,normal,bradycardia,31.523532190484925,True,False,False
normal,normal,normal,76.39857488842586,True,True,True
ventricular,ventricular,bradycardia,40.692084844645535,True,False,False
normal,normal,bradycardia,35.107724715686544,True,False,False
normal,normal,bradycardia,46.12653785403176,True,False,False
ventricular,ventricular,normal,60.33795561512549,True,False,False
normal,normal,bradycardia,32.42516544566028,True,False,False
normal,normal,bradycardia,43.12385166675588,True,False,False
supraventricular,normal,bradycardia,42.90351797174899,False,False,False
normal,normal,bradycardia,31.743550059535217,True,False,False
normal,normal,bradycardia,45.257211027961255,True,False,False
normal,normal,bradycardia,51.305645043027546,True,False,False
normal,normal,bradycardia,31.987312190144912,True,False,False
normal,normal,bradycardia,50.20018950530037,True,False,False
normal,normal,bradycardia,34.523616291812765,True,False,False
normal,normal,normal,61.99862851693671,True,True,True
ventricular,normal,bradycardia,59.83224255967489,False,False,False
normal,normal,bradycardia,58.65013240207322,True,False,False
normal,normal,bradycardia,36.72116155916456,True,False,False
ventricular,normal,bradycardia,28.81540111874856,False,False,False
ventricular,ventricular,bradycardia,44.3231146186524,True,False,False
normal,normal,bradycardia,27.475476545321726,True,False,False
normal,normal,bradycardia,20.636062244518065,True,False,False
normal,normal,bradycardia,32.40986539917175,True,False,False
ventricular,ventricular,bradycardia,42.14359017664148,True,False,False
normal,normal,bradycardia,26.682475896177504,True,False,False
normal,normal,bradycardia,47.00447908300927,True,False,False
ventricular,ventricular,bradycardia,46.6429386499894,True,False,False
normal,normal,bradycardia,31.807456391574526,True,False,False
normal,normal,bradycardia,30.302703820581748,True,False,False
normal,normal,bradycardia,46.61055552923925,True,False,False
normal,normal,bradycardia,33.13831137329293,True,False,False
supraventricular,supraventricular,bradycardia,41.872748676934755,True,False,False
ventricular,ventricular,bradycardia,50.98719171553395,True,False,False
normal,normal,bradycardia,43.02269834276122,True,False,False
normal,normal,bradycardia,31.288038233429056,True,False,False
normal,normal,bradycardia,34.60023065662686,True,False,False
normal,normal,bradycardia,28.319862375286604,True,False,False
ventricular,ventricular,bradycardia,59.6007969215931,True,False,False
normal,normal,bradycardia,28.85784592600297,True,False,False
supraventricular,supraventricular,bradycardia,38.044644916117676,True,False,False
normal,normal,bradycardia,34.400074585668435,True,False,False
normal,normal,bradycardia,30.87927623283498,True,False,False
normal,normal,bradycardia,36.6094915555849,True,False,False
normal,normal,bradycardia,46.74387247372787,True,False,False
normal,normal,bradycardia,40.654974108056635,True,False,False
other,other,bradycardia,39.495089293324824,True,False,False
normal,normal,bradycardia,31.658202909188667,True,False,False
supraventricular,supraventricular,bradycardia,36.92724044133806,True,False,False
ventricular,ventricular,bradycardia,41.14785436186681,True,False,False
normal,normal,bradycardia,45.912850664367895,True,False,False
supraventricular,supraventricular,bradycardia,37.19554112659608,True,False,False
ventricular,ventricular,bradycardia,37.88128499528917,True,False,False
ventricular,ventricular,bradycardia,38.86846874905487,True,False,False
normal,normal,bradycardia,33.14753024093895,True,False,False
ventricular,ventricular,normal,60.370750461424386,True,False,False
normal,normal,bradycardia,51.63767203147985,True,False,False
normal,normal,bradycardia,36.353274551012426,True,False,False
supraventricular,normal,bradycardia,58.78496719315503,False,False,False
supraventricular,supraventricular,bradycardia,31.301462641200544,True,False,False
normal,normal,bradycardia,40.569405038305405,True,False,False
normal,normal,bradycardia,50.03318416099124,True,False,False
ventricular,ventricular,bradycardia,43.882861671187314,True,False,False
normal,normal,bradycardia,31.484096131237045,True,False,False
normal,normal,bradycardia,33.33602939113258,True,False,False
ventricular,ventricular,bradycardia,49.247335569145065,True,False,False
normal,normal,bradycardia,46.88802131648343,True,False,False
normal,normal,bradycardia,39.4174694501819,True,False,False
normal,normal,bradycardia,34.29887881522674,True,False,False
normal,normal,bradycardia,52.29707588538186,True,False,False
normal,normal,bradycardia,41.4258503864338,True,False,False
normal,normal,bradycardia,45.514922717368194,True,False,False
normal,normal,bradycardia,33.217270361311684,True,False,False
ventricular,normal,normal,61.29057259892818,False,False,True
ventricular,ventricular,normal,60.22719807622227,True,False,False
normal,normal,bradycardia,33.507903519360944,True,False,False
supraventricular,supraventricular,bradycardia,47.5095356946757,True,False,False
supraventricular,supraventricular,bradycardia,34.14287236805131,True,False,False
normal,ventricular,bradycardia,44.12174361403194,False,False,False
normal,normal,bradycardia,46.39007953604076,True,False,False
normal,normal,bradycardia,50.102770552394766,True,False,False
normal,normal,bradycardia,50.86205867538971,True,False,False
normal,normal,normal,66.99183289198596,True,True,True
ventricular,ventricular,bradycardia,45.84522444483178,True,False,False
normal,normal,bradycardia,32.548096618723434,True,False,False
normal,normal,bradycardia,26.691043458860463,True,False,False
ventricular,ventricular,bradycardia,57.10102463103248,True,False,False
ventricular,ventricular,bradycardia,50.02449683638028,True,False,False
normal,normal,bradycardia,38.92297298536846,True,False,False
normal,normal,normal,61.461646830409094,True,True,True
normal,normal,bradycardia,28.654855092029035,True,False,False
ventricular,ventricular,bradycardia,45.293496011276424,True,False,False
normal,normal,bradycardia,48.4579315143622,True,False,False
ventricular,ventricular,bradycardia,42.2970796808608,True,False,False
normal,normal,bradycardia,31.706447186544565,True,False,False
normal,normal,bradycardia,27.783056437580537,True,False,False
normal,normal,bradycardia,32.81015112622774,True,False,False
supraventricular,supraventricular,bradycardia,49.25328370446543,True,False,False
ventricular,normal,normal,62.58089690089993,False,False,True
normal,normal,bradycardia,41.602766380628836,True,False,False
ventricular,ventricular,bradycardia,47.42342521420052,True,False,False
supraventricular,supraventricular,bradycardia,40.39000550584635,True,False,False
ventricular,ventricular,bradycardia,45.520333684822674,True,False,False
ventricular,ventricular,bradycardia,33.27085737681192,True,False,False
ventricular,ventricular,bradycardia,41.87605763691974,True,False,False
normal,normal,bradycardia,45.774417408556374,True,False,False
normal,normal,bradycardia,43.336177988007904,True,False,False
ventricular,ventricular,bradycardia,43.251379987348464,True,False,False
ventricular,ventricular,bradycardia,59.21359224498917,True,False,False
normal,normal,bradycardia,44.75333845778698,True,False,False
normal,normal,normal,61.0557480263887,True,True,True
normal,normal,bradycardia,51.762348124510154,True,False,False
ventricular,ventricular,bradycardia,43.55993550190402,True,False,False
normal,normal,bradycardia,27.61860384109396,True,False,False
ventricular,ventricular,bradycardia,45.97915437488768,True,False,False
normal,normal,bradycardia,46.74892704654412,True,False,False
normal,normal,bradycardia,33.036006355080424,True,False,False
normal,normal,bradycardia,36.770838897600306,True,False,False
normal,normal,bradycardia,51.12962281122624,True,False,False
ventricular,normal,normal,61.98480289857785,False,False,True
normal,normal,bradycardia,33.848335732884856,True,False,False
ventricular,ventricular,bradycardia,50.16652801294622,True,False,False
supraventricular,supraventricular,bradycardia,41.5492804302521,True,False,False
normal,normal,bradycardia,39.6105662035486,True,False,False
normal,normal,bradycardia,45.711003531345426,True,False,False
ventricular,ventricular,normal,61.96026568834428,True,False,False
normal,normal,normal,77.5701484617651,True,True,True
ventricular,ventricular,bradycardia,44.119338149142806,True,False,False
normal,normal,bradycardia,41.52006600294156,True,False,False
normal,ventricular,bradycardia,50.64336145614089,False,False,False
other,other,bradycardia,40.02522246914106,True,False,False
ventricular,ventricular,bradycardia,38.220094194444655,True,False,False
supraventricular,supraventricular,bradycardia,45.730777057428824,True,False,False
normal,normal,bradycardia,46.75103516546868,True,False,False
ventricular,ventricular,bradycardia,56.09033833015681,True,False,False
normal,normal,bradycardia,33.89283279883389,True,False,False
normal,normal,normal,94.64228662706265,True,True,True
normal,normal,bradycardia,29.073919212297156,True,False,False
normal,normal,bradycardia,32.46501722121393,True,False,False
normal,normal,bradycardia,51.6523683106823,True,False,False
supraventricular,supraventricular,bradycardia,43.679535634995325,True,False,False
normal,normal,bradycardia,37.00668512246133,True,False,False
normal,normal,bradycardia,41.32479777710469,True,False,False
ventricular,ventricular,bradycardia,44.92231674391533,True,False,False
normal,normal,bradycardia,45.912445301924905,True,False,False
ventricular,ventricular,bradycardia,47.075947440725216,True,False,False
normal,normal,bradycardia,33.638126312533025,True,False,False
normal,normal,bradycardia,20.16134684674895,True,False,False
normal,normal,bradycardia,46.008456599404546,True,False,False
normal,ventricular,bradycardia,39.021111384820095,False,False,False
normal,normal,bradycardia,49.31558538186944,True,False,False
ventricular,ventricular,bradycardia,41.650815437620906,True,False,False
normal,normal,bradycardia,51.700669571182694,True,False,False
normal,normal,bradycardia,34.52161219068421,True,False,False
normal,normal,bradycardia,35.42119379817611,True,False,False
normal,normal,bradycardia,48.0762760704063,True,False,False
normal,normal,bradycardia,41.488719045150454,True,False,False
ventricular,ventricular,bradycardia,43.84679493835318,True,False,False
normal,normal,bradycardia,31.484096131237045,True,False,False
normal,normal,bradycardia,45.850702654313594,True,False,False
normal,normal,bradycardia,32.412104218439474,True,False,False
supraventricular,supraventricular,bradycardia,35.8659820382689,True,False,False
normal,other,bradycardia,41.40881063832946,False,False,False
ventricular,ventricular,bradycardia,37.368221570220605,True,False,False
ventricular,ventricular,bradycardia,41.14785436186681,True,False,False
ventricular,ventricular,bradycardia,31.888378334345536,True,False,False
normal,normal,bradycardia,31.555057318317704,True,False,False
normal,normal,bradycardia,38.21562241036783,True,False,False
normal,normal,bradycardia,31.146875250878377,True,False,False
normal,normal,bradycardia,45.881205681910515,True,False,False
supraventricular,supraventricular,bradycardia,42.1628888796937,True,False,False
normal,normal,bradycardia,42.027683926061094,True,False,False
ventricular,ventricular,bradycardia,42.72801217822713,True,False,False
normal,normal,bradycardia,29.39139616854669,True,False,False
normal,normal,bradycardia,38.984514397000304,True,False,False
supraventricular,supraventricular,bradycardia,39.674225811852075,True,False,False
normal,normal,bradycardia,28.240779315351137,True,False,False
supraventricular,supraventricular,bradycardia,40.66604937864777,True,False,False
normal,normal,bradycardia,52.23511453168751,True,False,False
normal,normal,bradycardia,48.28217224818117,True,False,False
normal,ventricular,bradycardia,41.869323988489505,False,False,False
normal,normal,bradycardia,38.67648711631644,True,False,False
other,other,bradycardia,54.335249819658635,True,False,False
normal,normal,bradycardia,41.928494622734114,True,False,False
supraventricular,supraventricular,bradycardia,38.702589447370244,True,False,False
ventricular,ventricular,bradycardia,47.35493492098548,True,False,False
normal,normal,bradycardia,40.144299451360254,True,False,False
normal,normal,bradycardia,32.57735399278582,True,False,False
normal,normal,bradycardia,43.08031903372634,True,False,False
normal,normal,bradycardia,46.58285615119792,True,False,False
normal,normal,bradycardia,39.00348112463429,True,False,False
normal,normal,bradycardia,34.60325484428533,True,False,False
normal,normal,bradycardia,34.92752802456383,True,False,False
normal,normal,bradycardia,39.69082112226835,True,False,False
normal,other,bradycardia,41.213793012636636,False,False,False
supraventricular,supraventricular,bradycardia,42.64865817521014,True,False,False
normal,ventricular,bradycardia,30.63880405764368,False,False,False
normal,normal,bradycardia,46.145281633689336,True,False,False
ventricular,ventricular,normal,60.51842526842264,True,False,False
normal,normal,bradycardia,37.05100252088248,True,False,False
other,other,bradycardia,40.23167001280311,True,False,False
normal,normal,bradycardia,32.08143198068293,True,False,False
ventricular,ventricular,bradycardia,33.06819756817415,True,False,False
normal,normal,bradycardia,36.33182927200988,True,False,False
normal,normal,bradycardia,31.330088325177282,True,False,False
normal,normal,bradycardia,28.996640399456194,True,False,False
normal,ventricular,bradycardia,47.63581044704419,False,False,False
ventricular,ventricular,normal,61.15946902070398,True,False,False
normal,normal,bradycardia,33.86768678624592,True,False,False
supraventricular,normal,bradycardia,53.91480652331561,False,False,False
normal,normal,bradycardia,41.8822571726027,True,False,False
normal,normal,bradycardia,40.08956100591391,True,False,False
normal,normal,bradycardia,31.229746135884692,True,False,False
normal,ventricular,bradycardia,38.21248779653854,False,False,False
normal,normal,bradycardia,39.8487749413818,True,False,False
ventricular,ventricular,bradycardia,43.18667736106067,True,False,False
normal,normal,bradycardia,33.69513055778212,True,False,False
ventricular,ventricular,bradycardia,46.173942301874185,True,False,False
normal,normal,bradycardia,49.689902967422135,True,False,False
normal,normal,bradycardia,39.20412972797788,True,False,False
normal,normal,bradycardia,39.15693668613779,True,False,False
normal,normal,bradycardia,47.491642600615585,True,False,False
supraventricular,supraventricular,bradycardia,36.05498491818159,True,False,False
normal,normal,bradycardia,44.048963223938216,True,False,False
ventricular,ventricular,bradycardia,45.12802191352162,True,False,False
normal,normal,bradycardia,46.84150024104009,True,False,False
normal,normal,bradycardia,40.67757361529934,True,False,False
ventricular,ventricular,bradycardia,36.02196297291688,True,False,False
normal,normal,bradycardia,52.942757881584264,True,False,False
normal,normal,bradycardia,46.54302194046958,True,False,False
normal,normal,bradycardia,30.796996911119376,True,False,False
ventricular,ventricular,bradycardia,39.68140368995795,True,False,False
ventricular,ventricular,bradycardia,45.374872151541744,True,False,False
normal,normal,bradycardia,41.98958559075717,True,False,False
normal,normal,bradycardia,31.174609425872823,True,False,False
other,other,bradycardia,41.612130230744974,True,False,False
normal,normal,bradycardia,48.75698112721626,True,False,False
normal,normal,bradycardia,47.113600022838895,True,False,False
normal,normal,bradycardia,40.981582646794145,True,False,False
normal,normal,bradycardia,45.39089717262301,True,False,False
normal,normal,bradycardia,44.048963223938216,True,False,False
normal,normal,bradycardia,46.67821631110751,True,False,False
normal,normal,bradycardia,25.52940839570684,True,False,False
supraventricular,supraventricular,bradycardia,39.910441319755016,True,False,False
normal,normal,bradycardia,47.05833808488737,True,False,False
normal,normal,bradycardia,45.92140432496319,True,False,False
normal,normal,bradycardia,28.09585362553482,True,False,False
normal,normal,bradycardia,45.91887757006762,True,False,False
normal,normal,bradycardia,43.7551397608942,True,False,False
normal,normal,bradycardia,37.1496046821363,True,False,False
other,other,bradycardia,39.42979665216326,True,False,False
normal,normal,bradycardia,39.14890492930405,True,False,False
normal,normal,bradycardia,28.24904472780523,True,False,False
normal,normal,bradycardia,37.87838905285411,True,False,False
normal,normal,bradycardia,19.72456288045538,True,False,False
normal,normal,normal,97.07722946686266,True,True,True
normal,normal,bradycardia,54.85908014393879,True,False,False
normal,normal,bradycardia,28.105020654038665,True,False,False
ventricular,ventricular,bradycardia,55.52498779723932,True,False,False
normal,ventricular,bradycardia,59.9635627405961,False,False,False
normal,normal,bradycardia,26.656043234886564,True,False,False
supraventricular,supraventricular,bradycardia,32.78271832742385,True,False,False
ventricular,ventricular,bradycardia,45.520333684822674,True,False,False
ventricular,ventricular,bradycardia,59.51602456239528,True,False,False
normal,normal,bradycardia,34.31077776341486,True,False,False
normal,normal,bradycardia,31.347596022610762,True,False,False
normal,normal,bradycardia,38.084011819341264,True,False,False
supraventricular,normal,bradycardia,30.4440915574581,False,False,False
normal,normal,bradycardia,35.13349236504455,True,False,False
normal,normal,bradycardia,45.370053392660246,True,False,False
normal,normal,bradycardia,46.332344347082085,True,False,False
normal,normal,bradycardia,50.88117685038371,True,False,False
normal,normal,bradycardia,30.816794085458838,True,False,False
ventricular,ventricular,bradycardia,41.40013001180312,True,False,False
normal,normal,bradycardia,45.53834365813994,True,False,False
normal,normal,bradycardia,34.628406365273065,True,False,False
normal,normal,bradycardia,48.17388666485806,True,False,False
normal,ventricular,normal,61.836802000742125,False,True,False
normal,normal,bradycardia,44.9665383053925,True,False,False
normal,normal,bradycardia,28.33640765547211,True,False,False
normal,normal,bradycardia,46.11836026460189,True,False,False
normal,normal,bradycardia,47.00447908300927,True,False,False
ventricular,ventricular,bradycardia,40.38881783767536,True,False,False
normal,normal,bradycardia,49.435857881153915,True,False,False
normal,normal,bradycardia,37.547787222310305,True,False,False
supraventricular,normal,bradycardia,52.280284692870964,False,False,False
normal,normal,bradycardia,51.06978489614589,True,False,False
normal,normal,bradycardia,41.14073730447992,True,False,False
ventricular,ventricular,normal,61.15946902070398,True,False,False
normal,normal,bradycardia,33.20505163295802,True,False,False
normal,normal,bradycardia,39.11692089206079,True,False,False
supraventricular,normal,bradycardia,52.50043745309929,False,False,False
normal,normal,bradycardia,35.8882906895585,True,False,False
normal,normal,bradycardia,53.314323112107516,True,False,False
ventricular,ventricular,bradycardia,42.97472365243012,True,False,False
ventricular,ventricular,bradycardia,54.61754976030541,True,False,False
normal,normal,bradycardia,36.44916960180818,True,False,False
ventricular,ventricular,bradycardia,40.398296222675654,True,False,False
normal,normal,normal,61.689541622100684,True,True,True
normal,normal,bradycardia,46.16106807545064,True,False,False
other,other,bradycardia,40.20902407811945,True,False,False
normal,normal,bradycardia,36.12546112958127,True,False,False
ventricular,normal,bradycardia,38.46308245922971,False,False,False
normal,normal,bradycardia,50.418701417513866,True,False,False
normal,normal,bradycardia,38.785518919134944,True,False,False
normal,normal,bradycardia,28.666149679927393,True,False,False
normal,normal,bradycardia,32.08801649331248,True,False,False
normal,normal,bradycardia,50.87114291152845,True,False,False
ventricular,ventricular,bradycardia,47.512502815656994,True,False,False
supraventricular,supraventricular,bradycardia,35.62998713840979,True,False,False
ventricular,ventricular,bradycardia,45.88652463872306,True,False,False
normal,normal,bradycardia,43.74653385889408,True,False,False
ventricular,ventricular,normal,63.05333471032949,True,False,False
normal,normal,bradycardia,32.31480044673725,True,False,False
normal,normal,bradycardia,47.4788749658844,True,False,False
normal,normal,bradycardia,47.124841733520036,True,False,False
normal,normal,bradycardia,31.484096131237045,True,False,False
normal,normal,bradycardia,50.102563239871124,True,False,False
normal,normal,bradycardia,28.287322315787122,True,False,False
ventricular,ventricular,bradycardia,34.916316181227984,True,False,False
normal,normal,bradycardia,47.92572540789251,True,False,False
normal,normal,bradycardia,34.1092363903127,True,False,False
ventricular,ventricular,bradycardia,41.354633315670846,True,False,False
supraventricular,supraventricular,bradycardia,33.87251144527505,True,False,False
ventricular,ventricular,bradycardia,47.042611665456995,True,False,False
normal,normal,bradycardia,45.898221284941776,True,False,False
normal,normal,bradycardia,42.45449096373688,True,False,False
normal,normal,bradycardia,47.936519473365856,True,False,False
ventricular,ventricular,bradycardia,32.294447613198706,True,False,False
normal,normal,bradycardia,31.6275558556939,True,False,False
normal,normal,bradycardia,33.036006355080424,True,False,False
normal,normal,bradycardia,37.413037948113754,True,False,False
ventricular,ventricular,bradycardia,45.3070153165924,True,False,False
ventricular,ventricular,bradycardia,57.44107659782561,True,False,False
normal,normal,bradycardia,46.145281633689336,True,False,False
ventricular,ventricular,bradycardia,39.13123699660806,True,False,False
normal,normal,bradycardia,41.629608902845824,True,False,False
normal,normal,bradycardia,34.490256180030656,True,False,False
other,other,bradycardia,53.266379533574884,True,False,False
supraventricular,supraventricular,bradycardia,40.97035538312819,True,False,False
normal,normal,bradycardia,35.45601699559863,True,False,False
normal,normal,bradycardia,26.820734412903715,True,False,False
normal,normal,bradycardia,35.34741839739765,True,False,False
other,other,bradycardia,52.62710029956431,True,False,False
normal,normal,normal,68.05106646999832,True,True,True
normal,normal,bradycardia,19.633666435493396,True,False,False
normal,normal,bradycardia,33.90333433218117,True,False,False
normal,normal,bradycardia,46.56512157354991,True,False,False
normal,normal,bradycardia,35.792558273437805,True,False,False
normal,ventricular,bradycardia,58.98081525499748,False,False,False
normal,normal,bradycardia,45.75834402320077,True,False,False
normal,normal,bradycardia,34.095790754772466,True,False,False
normal,normal,bradycardia,37.87629991574528,True,False,False
ventricular,ventricular,bradycardia,41.650815437620906,True,False,False
normal,normal,bradycardia,41.22323600409811,True,False,False
ventricular,ventricular,bradycardia,31.60933631781915,True,False,False
ventricular,ventricular,bradycardia,46.67204091605177,True,False,False
normal,normal,bradycardia,42.588270321189306,True,False,False
ventricular,normal,bradycardia,59.622392442307955,False,False,False
normal,normal,bradycardia,46.660436817024376,True,False,False
other,other,bradycardia,39.547209465587756,True,False,False
normal,normal,bradycardia,29.561995008133223,True,False,False
normal,normal,bradycardia,50.102563239871124,True,False,False
supraventricular,supraventricular,bradycardia,39.091572739706635,True,False,False
supraventricular,supraventricular,bradycardia,52.217077893671664,True,False,False
normal,normal,bradycardia,38.47824119523043,True,False,False
supraventricular,supraventricular,bradycardia,47.15698763279624,True,False,False
normal,normal,bradycardia,31.63443233757751,True,False,False
normal,normal,bradycardia,56.753076722825696,True,False,False
normal,normal,bradycardia,42.395083863625906,True,False,False
normal,normal,bradycardia,35.88288082145851,True,False,False
normal,normal,bradycardia,30.558704329048076,True,False,False
supraventricular,supraventricular,bradycardia,41.85722525358799,True,False,False
supraventricular,normal,bradycardia,56.73211125723083,False,False,False
normal,normal,bradycardia,35.776576275785594,True,False,False
normal,normal,bradycardia,52.1179629457762,True,False,False
ventricular,ventricular,normal,62.0772114301205,True,False,False
normal,normal,bradycardia,50.86205867538971,True,False,False
supraventricular,supraventricular,bradycardia,37.51815212178765,True,False,False
normal,normal,bradycardia,39.30060006793403,True,False,False
normal,normal,bradycardia,35.852692461520945,True,False,False
normal,normal,bradycardia,32.55685584688495,True,False,False
normal,normal,bradycardia,47.86563850157709,True,False,False
fusion,fusion,bradycardia,52.5299111171778,True,False,False
normal,normal,bradycardia,27.43753554114772,True,False,False
ventricular,ventricular,bradycardia,59.178343593126165,True,False,False
normal,normal,normal,61.16608873318846,True,True,True
normal,normal,bradycardia,33.86878090550509,True,False,False
ventricular,ventricular,bradycardia,36.54838929683692,True,False,False
ventricular,ventricular,bradycardia,48.824660047872264,True,False,False
normal,normal,bradycardia,48.115888686738536,True,False,False
normal,normal,bradycardia,32.21300803816937,True,False,False
supraventricular,normal,bradycardia,56.043800692247494,False,False,False
normal,normal,bradycardia,38.33710743225504,True,False,False
normal,normal,bradycardia,14.11559812739256,True,False,False
normal,normal,bradycardia,41.683729995952014,True,False,False
normal,normal,bradycardia,43.90906485920447,True,False,False
supraventricular,supraventricular,bradycardia,46.897623979102846,True,False,False
ventricular,ventricular,bradycardia,37.86735143241699,True,False,False
supraventricular,supraventricular,bradycardia,57.23001888469784,True,False,False
normal,normal,bradycardia,46.87425771491682,True,False,False
normal,normal,bradycardia,51.64795693542992,True,False,False
ventricular,ventricular,bradycardia,37.79272332441241,True,False,False
normal,ventricular,bradycardia,37.68139224314641,False,False,False
normal,normal,bradycardia,45.57411550984174,True,False,False
normal,normal,bradycardia,27.84579045287085,True,False,False
ventricular,other,bradycardia,39.85461729333097,False,False,False
supraventricular,supraventricular,bradycardia,43.933360724746876,True,False,False
normal,normal,normal,60.64362039853681,True,True,True
ventricular,ventricular,bradycardia,42.502710046203944,True,False,False
normal,normal,bradycardia,46.660436817024376,True,False,False
normal,normal,bradycardia,31.288038233429056,True,False,False
ventricular,ventricular,bradycardia,46.454873611235655,True,False,False
supraventricular,supraventricular,bradycardia,47.813671288119465,True,False,False
ventricular,ventricular,bradycardia,48.493327963690575,True,False,False
normal,normal,bradycardia,46.037749834968764,True,False,False
ventricular,ventricular,bradycardia,53.599679182349774,True,False,False
normal,normal,normal,95.5428294300678,True,True,True
ventricular,ventricular,bradycardia,58.92695824838107,True,False,False
normal,normal,bradycardia,35.109133826676846,True,False,False
normal,normal,bradycardia,36.06098720182867,True,False,False
normal,normal,bradycardia,33.411103136858614,True,False,False
ventricular,ventricular,bradycardia,59.52093446876841,True,False,False
normal,normal,bradycardia,50.593168091440646,True,False,False
normal,normal,bradycardia,45.82622934742598,True,False,False
ventricular,normal,bradycardia,47.597501843047496,False,False,False
normal,normal,bradycardia,43.02269834276122,True,False,False
ventricular,normal,bradycardia,47.79415891377037,False,False,False
normal,normal,bradycardia,26.087611272231996,True,False,False
normal,normal,bradycardia,34.127624125282686,True,False,False
normal,normal,bradycardia,35.62034017218452,True,False,False
normal,normal,bradycardia,37.13713654863081,True,False,False
normal,normal,bradycardia,34.182891318892096,True,False,False
normal,normal,bradycardia,42.61243847568324,True,False,False
ventricular,ventricular,bradycardia,40.59026246254487,True,False,False
ventricular,ventricular,bradycardia,43.18175181648373,True,False,False
normal,normal,bradycardia,39.07045727609859,True,False,False
ventricular,ventricular,bradycardia,50.51339317399327,True,False,False
normal,normal,bradycardia,50.488108065357544,True,False,False
ventricular,ventricular,bradycardia,46.16943111937009,True,False,False
normal,normal,bradycardia,51.07065571652048,True,False,False
normal,normal,bradycardia,47.74634190390522,True,False,False
normal,normal,bradycardia,19.711056417076435,True,False,False
ventricular,ventricular,bradycardia,47.5208893709536,True,False,False
normal,normal,bradycardia,46.26706011309929,True,False,False
ventricular,ventricular,bradycardia,46.73401287603129,True,False,False
normal,normal,bradycardia,36.40941499868583,True,False,False
supraventricular,supraventricular,bradycardia,39.578269621311634,True,False,False
normal,normal,bradycardia,33.337720640030064,True,False,False
normal,normal,bradycardia,33.11058304489688,True,False,False
normal,normal,bradycardia,49.689902967422135,True,False,False
normal,normal,bradycardia,29.150005476476103,True,False,False
normal,normal,bradycardia,20.216546063321932,True,False,False
normal,normal,bradycardia,27.749572463672962,True,False,False
normal,normal,bradycardia,54.05683234229742,True,False,False
ventricular,ventricular,bradycardia,51.91220101104678,True,False,False
normal,normal,bradycardia,44.8214069230036,True,False,False
normal,normal,bradycardia,49.19381218685391,True,False,False
normal,normal,bradycardia,59.803018017881385,True,False,False
normal,normal,bradycardia,33.7046111980551,True,False,False
normal,normal,bradycardia,45.65842908725003,True,False,False
ventricular,ventricular,bradycardia,45.525047263824014,True,False,False
normal,normal,bradycardia,27.749572463672962,True,False,False
normal,normal,bradycardia,45.92140432496319,True,False,False
normal,normal,bradycardia,42.588270321189306,True,False,False
ventricular,ventricular,bradycardia,52.01737358058893,True,False,False
ventricular,ventricular,bradycardia,45.520958185396175,True,False,False
normal,normal,bradycardia,28.51944233152372,True,False,False
normal,normal,bradycardia,46.981652784750835,True,False,False
normal,normal,bradycardia,31.207176355206702,True,False,False
ventricular,ventricular,bradycardia,43.82849843674436,True,False,False
supraventricular,supraventricular,bradycardia,38.702589447370244,True,False,False
normal,normal,bradycardia,36.19120851413366,True,False,False
normal,normal,bradycardia,43.91181249108219,True,False,False
normal,normal,bradycardia,27.43753554114772,True,False,False
ventricular,normal,bradycardia,45.080015260120625,False,False,False
ventricular,normal,bradycardia,59.34294469752429,False,False,False
normal,normal,bradycardia,27.422566233264824,True,False,False
ventricular,ventricular,bradycardia,40.78702190359193,True,False,False
normal,normal,bradycardia,33.581766671950355,True,False,False
normal,normal,bradycardia,28.372465317247183,True,False,False
ventricular,ventricular,normal,62.62411927389795,True,False,False
normal,normal,bradycardia,35.06329253355174,True,False,False
ventricular,ventricular,bradycardia,45.08234598499485,True,False,False
other,other,bradycardia,39.522214824739216,True,False,False
normal,normal,bradycardia,39.53736165908726,True,False,False
ventricular,ventricular,bradycardia,46.032297621867166,True,False,False
normal,normal,bradycardia,31.74204758263108,True,False,False
normal,normal,bradycardia,27.352333088129704,True,False,False
normal,normal,bradycardia,31.484096131237045,True,False,False
normal,normal,bradycardia,47.20216487242893,True,False,False
normal,normal,bradycardia,51.51210575152338,True,False,False
normal,normal,bradycardia,33.23904934141548,True,False,False
normal,normal,bradycardia,41.506698744856514,True,False,False
normal,normal,bradycardia,51.872117762660274,True,False,False
normal,normal,bradycardia,45.711625892954714,True,False,False
normal,other,bradycardia,40.898567633488625,False,False,False
normal,normal,bradycardia,20.594259697202983,True,False,False
supraventricular,supraventricular,bradycardia,43.0502593107062,True,False,False
normal,normal,bradycardia,40.93957027675982,True,False,False
normal,normal,normal,60.814923933735436,True,True,True
ventricular,ventricular,bradycardia,40.78702190359193,True,False,False
normal,normal,bradycardia,38.329542651478036,True,False,False
normal,normal,bradycardia,48.40435839800465,True,False,False
normal,normal,bradycardia,28.623795527117316,True,False,False
normal,normal,bradycardia,34.54839598330074,True,False,False
normal,other,bradycardia,41.56367797181851,False,False,False
normal,normal,bradycardia,27.321697969949927,True,False,False
ventricular,ventricular,bradycardia,30.096273653911112,True,False,False
other,other,bradycardia,39.3391559410983,True,False,False
normal,normal,bradycardia,48.67242570137645,True,False,False
normal,normal,bradycardia,27.827568854310925,True,False,False
normal,normal,bradycardia,34.48211944161063,True,False,False
normal,normal,bradycardia,52.085468114856766,True,False,False
other,other,bradycardia,39.87221957886782,True,False,False
normal,normal,bradycardia,28.582016598260758,True,False,False
normal,normal,bradycardia,37.97614474813679,True,False,False
normal,normal,bradycardia,38.90483797425203,True,False,False
normal,normal,bradycardia,28.51944233152372,True,False,False
supraventricular,supraventricular,bradycardia,36.59092331678101,True,False,False
normal,normal,bradycardia,51.971732633589895,True,False,False
normal,normal,bradycardia,27.908677554459928,True,False,False
normal,normal,bradycardia,45.62473526606422,True,False,False
normal,normal,bradycardia,29.91203593312551,True,False,False
normal,normal,bradycardia,46.07154210735806,True,False,False
supraventricular,supraventricular,bradycardia,49.781342977282364,True,False,False
ventricular,ventricular,bradycardia,46.36797680772262,True,False,False
other,other,bradycardia,54.311980690644816,True,False,False
normal,normal,bradycardia,42.44141968642659,True,False,False
normal,other,bradycardia,41.1650582353284,False,False,False
normal,normal,bradycardia,59.332290917483114,True,False,False
normal,normal,bradycardia,38.201286052674234,True,False,False
normal,normal,bradycardia,49.07358796196976,True,False,False
normal,normal,bradycardia,30.498476864962132,True,False,False
ventricular,ventricular,bradycardia,43.03078721163559,True,False,False
ventricular,ventricular,bradycardia,33.03324681629384,True,False,False
normal,normal,bradycardia,34.66907003964878,True,False,False
normal,normal,bradycardia,28.240779315351137,True,False,False
ventricular,ventricular,bradycardia,41.75388237345647,True,False,False
normal,normal,bradycardia,32.41698398296131,True,False,False
ventricular,ventricular,bradycardia,46.22992581068643,True,False,False
normal,normal,bradycardia,34.73145458520372,True,False,False
fusion,normal,bradycardia,30.470370282086964,False,False,False
normal,normal,bradycardia,32.6183835874939,True,False,False
supraventricular,supraventricular,bradycardia,40.45472196687253,True,False,False
normal,normal,bradycardia,47.61511379813253,True,False,False
supraventricular,supraventricular,bradycardia,38.00169263650288,True,False,False
normal,normal,bradycardia,31.847749883870012,True,False,False
normal,normal,bradycardia,45.07002508428663,True,False,False
supraventricular,supraventricular,normal,95.56083199568468,True,False,False
normal,normal,bradycardia,34.786283359920716,True,False,False
normal,normal,bradycardia,35.17721997575349,True,False,False
normal,normal,bradycardia,34.64061513675306,True,False,False
normal,normal,bradycardia,37.016547640521786,True,False,False
normal,normal,bradycardia,38.548132538427865,True,False,False
normal,normal,bradycardia,36.85194711499864,True,False,False
normal,normal,bradycardia,29.70703803810669,True,False,False
normal,normal,bradycardia,40.81323790106763,True,False,False
ventricular,ventricular,bradycardia,58.67146531962836,True,False,False
ventricular,ventricular,bradycardia,41.2102049042751,True,False,False
ventricular,ventricular,normal,60.28219960614103,True,False,False
normal,ventricular,bradycardia,30.63880405764368,False,False,False
ventricular,ventricular,bradycardia,47.0435677965036,True,False,False
ventricular,ventricular,bradycardia,45.54539463560013,True,False,False
normal,normal,bradycardia,47.5523676422038,True,False,False
ventricular,ventricular,bradycardia,46.19913063027988,True,False,False
ventricular,ventricular,bradycardia,47.81037899501256,True,False,False
supraventricular,normal,bradycardia,37.157260908655,False,False,False
normal,normal,tachycardia,100.27586583514696,True,False,False
supraventricular,ventricular,bradycardia,52.17353720002327,False,False,False
normal,normal,bradycardia,31.0414243423562,True,False,False
normal,normal,bradycardia,38.85594788255065,True,False,False
ventricular,ventricular,bradycardia,44.119338149142806,True,False,False
supraventricular,supraventricular,bradycardia,40.305359171716866,True,False,False
normal,normal,bradycardia,49.780038563042616,True,False,False
normal,normal,bradycardia,40.05362469697749,True,False,False
ventricular,ventricular,bradycardia,52.91095698834676,True,False,False
normal,normal,bradycardia,28.666149679927393,True,False,False
normal,normal,bradycardia,51.42935450507108,True,False,False
normal,normal,bradycardia,32.48421662136744,True,False,False
normal,normal,bradycardia,47.35077848631056,True,False,False
normal,normal,bradycardia,32.33638056939137,True,False,False
other,ventricular,bradycardia,38.95164275503307,False,False,False
normal,normal,bradycardia,33.25140130480858,True,False,False
normal,normal,bradycardia,26.399249103003,True,False,False
ventricular,normal,bradycardia,50.61964873346529,False,False,False
normal,normal,bradycardia,44.428452986007294,True,False,False
normal,normal,bradycardia,45.09696977224785,True,False,False
normal,normal,bradycardia,38.41464342795943,True,False,False
ventricular,normal,normal,60.715485154203634,False,False,True
normal,normal,bradycardia,52.23511453168751,True,False,False
ventricular,ventricular,bradycardia,45.070067004392,True,False,False
ventricular,ventricular,bradycardia,30.29183090011508,True,False,False
ventricular,ventricular,bradycardia,48.74453138582576,True,False,False
normal,normal,bradycardia,30.44579712867741,True,False,False
normal,normal,bradycardia,33.27551949130701,True,False,False
ventricular,ventricular,bradycardia,44.43090318462433,True,False,False
normal,normal,bradycardia,48.386028080789856,True,False,False
normal,normal,bradycardia,44.43415273347918,True,False,False
normal,normal,bradycardia,32.8775271070495,True,False,False
normal,normal,bradycardia,34.6966835528193,True,False,False
normal,normal,bradycardia,31.191390996904584,True,False,False
normal,normal,bradycardia,44.93951428984631,True,False,False
normal,normal,bradycardia,45.44841775109215,True,False,False
normal,normal,bradycardia,38.45987464340211,True,False,False
normal,normal,bradycardia,44.00169595558882,True,False,False
supraventricular,supraventricular,bradycardia,32.78271832742385,True,False,False
normal,normal,bradycardia,30.521979979973164,True,False,False
normal,normal,bradycardia,39.527060848354914,True,False,False
ventricular,ventricular,bradycardia,44.32254960239733,True,False,False
normal,normal,bradycardia,35.48554342484547,True,False,False
ventricular,supraventricular,bradycardia,47.241647811871644,False,False,False
normal,normal,bradycardia,56.867123354547154,True,False,False
normal,normal,bradycardia,51.087830562736805,True,False,False
ventricular,ventricular,bradycardia,45.622736476379835,True,False,False
ventricular,ventricular,bradycardia,47.65239598433206,True,False,False
ventricular,ventricular,normal,60.61008659221875,True,False,False
normal,normal,bradycardia,28.534639547703698,True,False,False
normal,normal,tachycardia,100.27586583514696,True,False,False
ventricular,ventricular,bradycardia,46.299301554798326,True,False,False
normal,normal,bradycardia,49.72650865191831,True,False,False
normal,normal,bradycardia,41.22385806119184,True,False,False
normal,normal,bradycardia,30.916381646794118,True,False,False
normal,normal,bradycardia,39.01539877858991,True,False,False
normal,normal,bradycardia,29.70703803810669,True,False,False
normal,normal,bradycardia,31.364792517772425,True,False,False
supraventricular,supraventricular,bradycardia,37.71622721907652,True,False,False
ventricular,ventricular,normal,62.62411927389795,True,False,False
other,other,bradycardia,39.947967612529204,True,False,False
supraventricular,supraventricular,bradycardia,43.933360724746876,True,False,False
normal,normal,bradycardia,39.38591577820972,True,False,False
ventricular,ventricular,bradycardia,47.0435677965036,True,False,False
normal,normal,bradycardia,38.96206960826643,True,False,False
normal,normal,bradycardia,35.9501897295705,True,False,False
normal,normal,bradycardia,49.1555869001701,True,False,False
ventricular,ventricular,bradycardia,40.44496024053994,True,False,False
normal,normal,bradycardia,33.039785502669105,True,False,False
normal,normal,bradycardia,29.829023492234512,True,False,False
normal,normal,bradycardia,32.70683528691667,True,False,False
ventricular,ventricular,bradycardia,43.26065577822585,True,False,False
normal,normal,bradycardia,49.55102590654634,True,False,False
normal,normal,bradycardia,20.276597236467982,True,False,False
normal,normal,bradycardia,34.86513342185146,True,False,False
other,other,bradycardia,39.49215500525263,True,False,False
normal,normal,bradycardia,51.06978489614589,True,False,False
ventricular,ventricular,bradycardia,34.822428853066924,True,False,False
other,other,bradycardia,40.238285033760775,True,False,False
normal,normal,bradycardia,30.322770627598395,True,False,False
other,other,bradycardia,39.046282590113556,True,False,False
ventricular,ventricular,bradycardia,37.528930024775754,True,False,False
normal,other,bradycardia,40.89809470210554,False,False,False
normal,normal,normal,60.216364617504865,True,True,True
normal,normal,bradycardia,19.86904653660837,True,False,False
normal,normal,bradycardia,49.00120087408519,True,False,False
normal,normal,bradycardia,32.90894025251126,True,False,False
ventricular,normal,bradycardia,59.29447456479272,False,False,False
ventricular,ventricular,bradycardia,56.56890468720217,True,False,False
normal,normal,bradycardia,27.4740805741726,True,False,False
normal,normal,bradycardia,44.113787278271055,True,False,False
normal,normal,bradycardia,49.870057176850686,True,False,False
normal,normal,normal,61.0682640632876,True,True,True
normal,ventricular,bradycardia,41.21188848391727,False,False,False
normal,normal,bradycardia,33.91816507301151,True,False,False
normal,normal,bradycardia,46.368697785177886,True,False,False
normal,normal,bradycardia,31.71091603155041,True,False,False
normal,normal,bradycardia,20.299433019308843,True,False,False
normal,normal,bradycardia,47.05740318621748,True,False,False
normal,normal,bradycardia,48.575725890003405,True,False,False
normal,normal,bradycardia,51.02074443332932,True,False,False
normal,normal,bradycardia,41.250137546817534,True,False,False
ventricular,normal,bradycardia,46.46243951417294,False,False,False
normal,normal,bradycardia,48.03492918662979,True,False,False
normal,normal,bradycardia,41.3937132972722,True,False,False
other,other,bradycardia,40.32493707687974,True,False,False
normal,normal,bradycardia,37.159055248093765,True,False,False
normal,normal,bradycardia,46.308900369902666,True,False,False
normal,normal,bradycardia,50.54106208603722,True,False,False
normal,normal,bradycardia,39.87542059563274,True,False,False
normal,normal,bradycardia,49.293811291954135,True,False,False
normal,normal,bradycardia,20.55235752513361,True,False,False
normal,normal,bradycardia,46.88802131648343,True,False,False
ventricular,ventricular,bradycardia,39.701698259457565,True,False,False
ventricular,ventricular,bradycardia,37.94228055159722,True,False,False
ventricular,ventricular,bradycardia,45.33849672458065,True,False,False
normal,normal,bradycardia,56.31576308333125,True,False,False
normal,normal,normal,84.17209776523067,True,True,True
normal,normal,bradycardia,51.61400893765649,True,False,False
ventricular,ventricular,normal,62.74069960230628,True,False,False
normal,normal,bradycardia,33.90368804481468,True,False,False
normal,normal,bradycardia,28.828644776804445,True,False,False
ventricular,normal,bradycardia,57.90133467712394,False,False,False
ventricular,ventricular,bradycardia,40.398296222675654,True,False,False
normal,normal,bradycardia,36.64017310255379,True,False,False
normal,normal,bradycardia,35.65710182234873,True,False,False
normal,normal,bradycardia,20.23876178551673,True,False,False
normal,normal,bradycardia,49.56145653665675,True,False,False
normal,normal,bradycardia,30.483691471073296,True,False,False
normal,normal,bradycardia,36.750855915137414,True,False,False
normal,normal,bradycardia,46.08723254265147,True,False,False
normal,normal,bradycardia,41.079227844372205,True,False,False
normal,normal,bradycardia,27.193249438435465,True,False,False
ventricular,ventricular,bradycardia,50.653735017260566,True,False,False
normal,normal,bradycardia,48.03492918662979,True,False,False
ventricular,ventricular,normal,61.44494487035318,True,False,False
ventricular,ventricular,bradycardia,41.328644437739214,True,False,False
normal,normal,bradycardia,45.40044049061817,True,False,False
normal,normal,bradycardia,49.48235114723657,True,False,False
normal,normal,bradycardia,41.632668091009954,True,False,False
normal,normal,bradycardia,48.3320801837059,True,False,False
normal,normal,bradycardia,20.307615749901156,True,False,False
ventricular,normal,bradycardia,50.564585769026024,False,False,False
normal,ventricular,bradycardia,35.93360146272049,False,False,False
normal,normal,bradycardia,29.655586712604336,True,False,False
normal,normal,bradycardia,34.982807389053114,True,False,False
ventricular,ventricular,bradycardia,50.93599746400822,True,False,False
ventricular,normal,bradycardia,46.86564686254396,False,False,False
ventricular,normal,bradycardia,54.55459997757479,False,False,False
other,other,bradycardia,40.11061954436058,True,False,False
normal,normal,bradycardia,47.936519473365856,True,False,False
normal,normal,bradycardia,38.898883969852164,True,False,False
normal,normal,bradycardia,35.566274807237384,True,False,False
normal,ventricular,bradycardia,33.924183545713895,False,False,False
normal,normal,bradycardia,46.8066787439683,True,False,False
ventricular,ventricular,bradycardia,47.13404298782886,True,False,False
normal,normal,bradycardia,26.413775044602353,True,False,False
normal,normal,bradycardia,39.02107763486827,True,False,False
normal,normal,bradycardia,46.196364694272255,True,False,False
normal,normal,bradycardia,43.88009969814933,True,False,False
normal,normal,bradycardia,31.847749883870012,True,False,False
normal,normal,bradycardia,49.355719015191916,True,False,False
ventricular,ventricular,bradycardia,47.897918286863025,True,False,False
normal,normal,bradycardia,43.12145614986625,True,False,False
supraventricular,supraventricular,bradycardia,49.25328370446543,True,False,False
ventricular,ventricular,bradycardia,46.1293793083604,True,False,False
normal,normal,bradycardia,32.64475203509093,True,False,False
normal,normal,bradycardia,34.82992786154859,True,False,False
supraventricular,supraventricular,bradycardia,45.00864496303416,True,False,False
supraventricular,supraventricular,bradycardia,43.84856050457799,True,False,False
normal,normal,bradycardia,35.43849569905787,True,False,False
normal,normal,bradycardia,30.770433356370017,True,False,False
supraventricular,supraventricular,bradycardia,38.969032493512564,True,False,False
ventricular,ventricular,bradycardia,46.462669872364934,True,False,False
normal,normal,bradycardia,45.62473526606422,True,False,False
ventricular,normal,bradycardia,48.37341298321856,False,False,False
ventricular,ventricular,bradycardia,42.65954055456923,True,False,False
normal,normal,bradycardia,35.47239132289788,True,False,False
normal,normal,bradycardia,25.578362025674235,True,False,False
normal,normal,bradycardia,34.749785950927134,True,False,False
normal,normal,bradycardia,27.52263083828195,True,False,False
normal,normal,bradycardia,29.384874452031404,True,False,False
ventricular,ventricular,bradycardia,42.34724978470803,True,False,False
normal,normal,bradycardia,32.00251656747773,True,False,False
normal,normal,bradycardia,39.6105662035486,True,False,False
normal,normal,bradycardia,48.03401376319133,True,False,False
normal,normal,bradycardia,45.913441513133534,True,False,False
normal,normal,bradycardia,45.425956812322035,True,False,False
normal,normal,bradycardia,20.71641736180562,True,False,False
normal,normal,bradycardia,45.3806576088245,True,False,False
normal,normal,bradycardia,46.05321084707808,True,False,False
supraventricular,supraventricular,bradycardia,39.355860125486245,True,False,False
normal,normal,bradycardia,35.696438814003955,True,False,False
normal,normal,bradycardia,41.22323600409811,True,False,False
normal,normal,bradycardia,37.81449987957813,True,False,False
normal,normal,bradycardia,27.66528734059347,True,False,False
normal,normal,bradycardia,35.140849337345394,True,False,False
ventricular,ventricular,bradycardia,45.08234598499485,True,False,False
supraventricular,supraventricular,bradycardia,49.05159973281769,True,False,False
normal,normal,bradycardia,27.03760838658044,True,False,False
normal,normal,bradycardia,25.75866812696534,True,False,False
normal,normal,bradycardia,28.17886072927883,True,False,False
other,other,normal,83.13698615625563,True,False,False
normal,normal,bradycardia,31.573221391597215,True,False,False
normal,normal,bradycardia,38.11066858904952,True,False,False
normal,normal,bradycardia,41.58164322432961,True,False,False
normal,normal,bradycardia,33.197917304911435,True,False,False
normal,normal,bradycardia,44.92020112917034,True,False,False
normal,normal,bradycardia,32.00251656747773,True,False,False
ventricular,ventricular,bradycardia,29.22153431011115,True,False,False
ventricular,ventricular,bradycardia,44.602881567840726,True,False,False
ventricular,ventricular,bradycardia,47.83769814984416,True,False,False
normal,normal,bradycardia,46.27235700473137,True,False,False
normal,normal,bradycardia,35.939392682653974,True,False,False
ventricular,ventricular,bradycardia,40.21806366560743,True,False,False
normal,normal,bradycardia,44.73208486169773,True,False,False
normal,normal,bradycardia,35.72221683379206,True,False,False
normal,normal,bradycardia,42.13489618228801,True,False,False
supraventricular,supraventricular,bradycardia,40.15712455570565,True,False,False
ventricular,ventricular,bradycardia,41.08646489995092,True,False,False
normal,normal,bradycardia,35.251536973176854,True,False,False
normal,normal,bradycardia,28.51944233152372,True,False,False
ventricular,ventricular,bradycardia,59.07765407323651,True,False,False
normal,normal,bradycardia,39.4174694501819,True,False,False
ventricular,ventricular,bradycardia,51.00820148489796,True,False,False
ventricular,ventricular,bradycardia,41.29454260581288,True,False,False
ventricular,ventricular,bradycardia,49.88837794038159,True,False,False
normal,normal,bradycardia,45.370053392660246,True,False,False
normal,normal,bradycardia,27.193249438435465,True,False,False
normal,normal,bradycardia,29.851104823325556,True,False,False
normal,normal,bradycardia,48.4579315143622,True,False,False
normal,normal,bradycardia,31.61472136601829,True,False,False
normal,normal,bradycardia,47.98940890882464,True,False,False
other,other,normal,82.61673685858472,True,False,False
normal,normal,bradycardia,46.95837338765579,True,False,False
normal,normal,bradycardia,32.23048611092551,True,False,False
normal,normal,bradycardia,47.63743381257216,True,False,False
normal,normal,bradycardia,37.97432218103676,True,False,False
other,other,bradycardia,40.42947942753408,True,False,False
normal,normal,bradycardia,41.125502060036595,True,False,False
normal,normal,bradycardia,49.850874260987226,True,False,False
ventricular,ventricular,bradycardia,56.92893013118382,True,False,False
ventricular,ventricular,bradycardia,48.6304406797775,True,False,False
normal,ventricular,bradycardia,52.996196976984365,False,False,False
supraventricular,ventricular,normal,61.475099234672925,False,False,False
normal,normal,bradycardia,48.67242570137645,True,False,False
ventricular,ventricular,bradycardia,51.68828831470257,True,False,False
ventricular,ventricular,bradycardia,41.84063154337791,True,False,False
ventricular,ventricular,bradycardia,39.34132564199701,True,False,False
ventricular,ventricular,normal,62.74069960230628,True,False,False
normal,normal,bradycardia,45.27609929157082,True,False,False
normal,normal,bradycardia,40.55980290084495,True,False,False
normal,normal,bradycardia,43.49205707550376,True,False,False
ventricular,ventricular,bradycardia,50.427821650517885,True,False,False
ventricular,normal,bradycardia,49.2879921320815,False,False,False
ventricular,ventricular,bradycardia,50.02449683638028,True,False,False
normal,normal,bradycardia,41.82867784881727,True,False,False
normal,normal,bradycardia,37.92156084644853,True,False,False
normal,normal,normal,62.1328235128249,True,True,True
normal,normal,bradycardia,35.792558273437805,True,False,False
ventricular,normal,bradycardia,26.733896057162404,False,False,False
normal,normal,bradycardia,27.89312271600759,True,False,False
normal,normal,bradycardia,46.60687687943063,True,False,False
normal,normal,bradycardia,28.439556456447804,True,False,False
normal,normal,bradycardia,51.39630404375501,True,False,False
normal,normal,bradycardia,39.581676390321405,True,False,False
normal,normal,bradycardia,46.73230214738316,True,False,False
normal,normal,bradycardia,50.04623375761495,True,False,False
normal,normal,bradycardia,58.236252487262306,True,False,False
normal,normal,bradycardia,38.86717603148007,True,False,False
normal,normal,bradycardia,48.19270856186078,True,False,False
normal,normal,bradycardia,31.202665468357672,True,False,False
normal,normal,bradycardia,48.03492918662979,True,False,False
normal,normal,bradycardia,44.10795014308953,True,False,False
normal,normal,bradycardia,37.346518300374555,True,False,False
normal,normal,bradycardia,31.877350831396953,True,False,False
normal,ventricular,bradycardia,47.63581044704419,False,False,False
other,other,bradycardia,39.44883731831907,True,False,False
ventricular,ventricular,bradycardia,47.51181401168227,True,False,False
other,ventricular,normal,71.55339499572523,False,False,False
normal,normal,bradycardia,45.48456106853852,True,False,False
normal,normal,bradycardia,48.578780908427845,True,False,False
normal,normal,bradycardia,45.53834365813994,True,False,False
ventricular,ventricular,bradycardia,31.72378529234698,True,False,False
ventricular,ventricular,bradycardia,33.894498639057055,True,False,False
ventricular,normal,bradycardia,31.19384661095833,False,False,False
normal,normal,bradycardia,34.710301118660816,True,False,False
normal,normal,bradycardia,45.24024430344538,True,False,False
normal,normal,bradycardia,31.263291290896845,True,False,False
normal,normal,normal,77.5701484617651,True,True,True
normal,normal,bradycardia,28.771779175584236,True,False,False
normal,normal,bradycardia,43.08990572644353,True,False,False
normal,normal,bradycardia,46.332344347082085,True,False,False
normal,normal,bradycardia,48.4579315143622,True,False,False
normal,ventricular,bradycardia,29.427819937633792,False,False,False
ventricular,ventricular,bradycardia,58.67451264039836,True,False,False
normal,normal,bradycardia,46.14360268785471,True,False,False
normal,normal,bradycardia,27.386994001165476,True,False,False
normal,normal,bradycardia,29.901931279673967,True,False,False
ventricular,ventricular,normal,60.51842526842264,True,False,False
ventricular,ventricular,normal,76.14966082008632,True,False,False
supraventricular,normal,bradycardia,43.49987337198999,False,False,False
normal,normal,bradycardia,26.505733353610022,True,False,False
supraventricular,supraventricular,bradycardia,39.578269621311634,True,False,False
normal,normal,bradycardia,26.702450173123935,True,False,False
normal,normal,bradycardia,41.19866068414456,True,False,False
normal,normal,bradycardia,20.58784852196434,True,False,False
ventricular,ventricular,bradycardia,37.56783144239313,True,False,False
normal,normal,bradycardia,31.11325776470369,True,False,False
ventricular,ventricular,bradycardia,40.058140998503326,True,False,False
supraventricular,supraventricular,bradycardia,49.05159973281769,True,False,False
normal,normal,bradycardia,29.446609922190323,True,False,False
normal,normal,bradycardia,35.520351531674336,True,False,False
normal,normal,bradycardia,20.276203837033336,True,False,False
normal,normal,bradycardia,46.91596399580803,True,False,False
normal,normal,bradycardia,39.896487429852364,True,False,False
ventricular,ventricular,normal,63.157782794615855,True,False,False
normal,normal,bradycardia,51.63161174525267,True,False,False
normal,normal,bradycardia,48.237366612980956,True,False,False
normal,normal,bradycardia,31.34573757041526,True,False,False
normal,normal,bradycardia,39.896487429852364,True,False,False
supraventricular,normal,bradycardia,48.50279075401079,False,False,False
ventricular,other,bradycardia,40.17459746808748,False,False,False
normal,normal,bradycardia,46.74906579194009,True,False,False
supraventricular,supraventricular,bradycardia,43.679535634995325,True,False,False
normal,normal,bradycardia,47.34144155715181,True,False,False
normal,normal,bradycardia,28.173541318743926,True,False,False
other,other,bradycardia,53.55186479529155,True,False,False
normal,normal,bradycardia,46.660436817024376,True,False,False
normal,normal,bradycardia,32.6183835874939,True,False,False
ventricular,ventricular,bradycardia,59.0590373561939,True,False,False
normal,normal,bradycardia,44.131487636483534,True,False,False
supraventricular,supraventricular,bradycardia,41.482477074302935,True,False,False
normal,normal,bradycardia,28.666149679927393,True,False,False
normal,normal,bradycardia,30.410171009497148,True,False,False
normal,normal,bradycardia,28.654855092029035,True,False,False
normal,normal,bradycardia,33.87969277413353,True,False,False
ventricular,normal,bradycardia,37.00812921721574,False,False,False
normal,normal,bradycardia,43.47697135238713,True,False,False
normal,normal,bradycardia,28.47052321669529,True,False,False
normal,normal,bradycardia,32.047187310958854,True,False,False
normal,normal,bradycardia,51.3850174397633,True,False,False
normal,normal,bradycardia,31.38466710028833,True,False,False
normal,normal,bradycardia,48.0762760704063,True,False,False
normal,normal,bradycardia,47.05549333630533,True,False,False
other,other,bradycardia,40.556141473297025,True,False,False
normal,normal,bradycardia,37.8432149969993,True,False,False
ventricular,ventricular,bradycardia,52.86041506382533,True,False,False
normal,normal,bradycardia,28.610297272247422,True,False,False
normal,normal,bradycardia,45.93129119359607,True,False,False
ventricular,ventricular,bradycardia,31.09577689959461,True,False,False
normal,normal,bradycardia,30.901434296107116,True,False,False
ventricular,ventricular,bradycardia,47.69475037084785,True,False,False
ventricular,ventricular,bradycardia,53.0365197339683,True,False,False
normal,normal,bradycardia,48.165876344950895,True,False,False
normal,normal,bradycardia,49.36806689246758,True,False,False
normal,normal,bradycardia,27.754569615715564,True,False,False
ventricular,ventricular,bradycardia,48.083682976896,True,False,False
ventricular,ventricular,bradycardia,40.918918051873455,True,False,False
ventricular,ventricular,bradycardia,47.797192624536734,True,False,False
normal,normal,bradycardia,40.1626412438418,True,False,False
normal,normal,bradycardia,31.827682592634808,True,False,False
normal,normal,bradycardia,27.402686657847198,True,False,False
ventricular,ventricular,bradycardia,45.58646722440354,True,False,False
normal,normal,bradycardia,45.99630542985495,True,False,False
normal,normal,bradycardia,37.97442112934201,True,False,False
normal,normal,bradycardia,27.43753554114772,True,False,False
normal,normal,bradycardia,34.782944018244464,True,False,False
normal,normal,bradycardia,48.03500567259892,True,False,False
normal,normal,bradycardia,30.482868193920773,True,False,False
other,other,bradycardia,53.28650365971689,True,False,False
normal,normal,bradycardia,35.56423956833034,True,False,False
ventricular,ventricular,normal,61.911572012419455,True,False,False
normal,normal,bradycardia,34.5493390127932,True,False,False
normal,normal,bradycardia,49.27500570847022,True,False,False
normal,normal,bradycardia,27.277103539758986,True,False,False
normal,normal,bradycardia,35.251536973176854,True,False,False
normal,normal,bradycardia,45.93740396142506,True,False,False
ventricular,ventricular,bradycardia,59.9447140267261,True,False,False
normal,normal,bradycardia,32.703761169105135,True,False,False
ventricular,ventricular,normal,61.16663766974146,True,False,False
ventricular,ventricular,bradycardia,50.811306209168144,True,False,False
supraventricular,supraventricular,bradycardia,45.96791220687926,True,False,False
ventricular,ventricular,bradycardia,59.589619800443536,True,False,False
normal,normal,bradycardia,39.413691461009485,True,False,False
other,other,bradycardia,40.30849649835264,True,False,False
ventricular,ventricular,bradycardia,46.59683091844564,True,False,False
normal,normal,bradycardia,43.08990572644353,True,False,False
normal,other,bradycardia,41.40462614993877,False,False,False
normal,normal,bradycardia,48.03492918662979,True,False,False
supraventricular,supraventricular,bradycardia,44.85631475648932,True,False,False
normal,normal,bradycardia,40.16081779179701,True,False,False
normal,normal,bradycardia,42.6687594817867,True,False,False
ventricular,normal,bradycardia,46.47689942781214,False,False,False
normal,normal,bradycardia,32.474293731719655,True,False,False
normal,normal,bradycardia,38.06870876542543,True,False,False
normal,normal,bradycardia,52.702482600652154,True,False,False
normal,normal,bradycardia,27.45123920088212,True,False,False
normal,normal,bradycardia,51.63161174525267,True,False,False
normal,normal,bradycardia,30.45167772283893,True,False,False
ventricular,ventricular,bradycardia,40.04291693036389,True,False,False
normal,normal,bradycardia,51.68586319193844,True,False,False
supraventricular,normal,bradycardia,43.45781089416286,False,False,False
normal,normal,bradycardia,32.51177689890088,True,False,False
ventricular,ventricular,normal,62.20783772720272,True,False,False
normal,normal,bradycardia,28.634719678186926,True,False,False
normal,normal,bradycardia,51.1574651007633,True,False,False
ventricular,ventricular,bradycardia,41.357574596506,True,False,False
normal,normal,bradycardia,39.93865743576539,True,False,False
ventricular,normal,normal,64.0064399449885,False,False,True
other,other,bradycardia,39.0564607081097,True,False,False
ventricular,ventricular,bradycardia,47.064393644794755,True,False,False
normal,normal,bradycardia,39.01554881706696,True,False,False
normal,normal,bradycardia,47.59268548739999,True,False,False
normal,normal,bradycardia,34.68728518945368,True,False,False
normal,normal,bradycardia,40.804073248630836,True,False,False
normal,normal,bradycardia,43.79564364007941,True,False,False
normal,normal,bradycardia,28.490830382801143,True,False,False
normal,normal,bradycardia,41.13772593920988,True,False,False
normal,normal,bradycardia,44.218275789408004,True,False,False
supraventricular,supraventricular,bradycardia,45.59620926911514,True,False,False
normal,normal,bradycardia,36.64449333972109,True,False,False
supraventricular,normal,bradycardia,47.885275780213206,False,False,False
ventricular,ventricular,bradycardia,38.86846874905487,True,False,False
normal,normal,bradycardia,44.96816568968494,True,False,False
normal,ventricular,bradycardia,49.35205531702726,False,False,False
normal,normal,bradycardia,31.33461568397155,True,False,False
normal,normal,bradycardia,36.889793503046135,True,False,False
normal,normal,bradycardia,29.77333826037215,True,False,False
normal,normal,bradycardia,45.55608917748759,True,False,False
normal,normal,bradycardia,27.06341670424675,True,False,False
normal,normal,bradycardia,27.43753554114772,True,False,False
normal,normal,bradycardia,37.7587915809638,True,False,False
normal,normal,bradycardia,41.56259917751022,True,False,False
normal,normal,bradycardia,20.307615749901156,True,False,False
normal,normal,bradycardia,31.83535229230667,True,False,False
normal,normal,bradycardia,46.39241425628835,True,False,False
normal,normal,bradycardia,26.706806824106337,True,False,False
ventricular,ventricular,bradycardia,48.69585671246388,True,False,False
ventricular,normal,bradycardia,29.44676666125614,False,False,False
normal,normal,bradycardia,27.69284947685735,True,False,False
normal,normal,bradycardia,50.37416851322645,True,False,False
normal,normal,bradycardia,31.987312190144912,True,False,False
normal,normal,bradycardia,39.09077635911277,True,False,False
normal,normal,bradycardia,38.07796703253772,True,False,False
normal,normal,bradycardia,46.31267225007947,True,False,False
ventricular,ventricular,bradycardia,32.9762374178832,True,False,False
normal,normal,bradycardia,45.93740396142506,True,False,False
normal,normal,bradycardia,29.400314047270854,True,False,False
normal,normal,bradycardia,46.981652784750835,True,False,False
normal,normal,bradycardia,32.444801995247076,True,False,False
normal,normal,bradycardia,29.11413457778009,True,False,False
normal,normal,bradycardia,30.1711301039061,True,False,False
normal,supraventricular,bradycardia,40.11773745806032,False,False,False
other,other,bradycardia,39.488542982512804,True,False,False
normal,normal,bradycardia,39.580656307836996,True,False,False
normal,normal,bradycardia,51.105898262564395,True,False,False
normal,normal,bradycardia,44.22880056699508,True,False,False
normal,normal,bradycardia,48.21495697961446,True,False,False
normal,normal,bradycardia,31.203243296875662,True,False,False
normal,normal,bradycardia,31.715573607972626,True,False,False
ventricular,ventricular,normal,60.715727092286954,True,False,False
normal,normal,bradycardia,30.821120276293584,True,False,False
ventricular,ventricular,normal,81.31401994755872,True,False,False
ventricular,normal,bradycardia,50.04971140528572,False,False,False
normal,normal,bradycardia,45.10656538295154,True,False,False
normal,normal,bradycardia,34.523616291812765,True,False,False
normal,normal,bradycardia,33.87969277413353,True,False,False
normal,normal,bradycardia,39.75727588661423,True,False,False
normal,normal,bradycardia,46.31267225007947,True,False,False
normal,normal,bradycardia,37.321252525379336,True,False,False
normal,normal,bradycardia,46.53517872420026,True,False,False
normal,normal,bradycardia,46.011818330090904,True,False,False
normal,normal,bradycardia,28.55494592404694,True,False,False
normal,normal,bradycardia,51.536086624832244,True,False,False
normal,normal,bradycardia,33.167992193075015,True,False,False
normal,normal,bradycardia,27.349434418166247,True,False,False
normal,normal,bradycardia,40.59552553531177,True,False,False
ventricular,ventricular,bradycardia,41.18313952571889,True,False,False
normal,normal,bradycardia,47.74634190390522,True,False,False
normal,normal,bradycardia,46.20587899565049,True,False,False
normal,normal,bradycardia,48.17388666485806,True,False,False
other,other,bradycardia,40.57636394887765,True,False,False
normal,normal,bradycardia,32.64480747168223,True,False,False
normal,normal,bradycardia,46.33200485438392,True,False,False
normal,normal,bradycardia,29.392626653895473,True,False,False
ventricular,ventricular,bradycardia,40.09857881901896,True,False,False
ventricular,ventricular,bradycardia,40.560856284569674,True,False,False
normal,normal,bradycardia,47.6667653308073,True,False,False
supraventricular,ventricular,normal,60.22648786254208,False,False,False
supraventricular,ventricular,normal,60.22648786254208,False,False,False
normal,normal,bradycardia,49.008172162437994,True,False,False
ventricular,ventricular,bradycardia,57.45332782522593,True,False,False
ventricular,ventricular,normal,61.16663766974146,True,False,False
normal,normal,bradycardia,39.61292962319256,True,False,False
normal,normal,bradycardia,32.40780879442778,True,False,False
ventricular,ventricular,bradycardia,38.276641894830526,True,False,False
supraventricular,supraventricular,bradycardia,44.342910990916174,True,False,False
normal,normal,bradycardia,47.753021828280104,True,False,False
other,other,bradycardia,40.453910490241434,True,False,False
ventricular,ventricular,normal,60.33795561512549,True,False,False
normal,normal,bradycardia,40.68624656939168,True,False,False
normal,normal,bradycardia,46.0700612836107,True,False,False
ventricular,ventricular,bradycardia,45.310120349007526,True,False,False
normal,normal,bradycardia,26.682475896177504,True,False,False
supraventricular,supraventricular,bradycardia,41.398055820729084,True,False,False
normal,normal,bradycardia,31.174609425872823,True,False,False
normal,normal,bradycardia,32.22547268291698,True,False,False
other,other,bradycardia,40.284261143769804,True,False,False
normal,normal,bradycardia,29.70558657512092,True,False,False
normal,normal,bradycardia,29.400314047270854,True,False,False
normal,normal,bradycardia,29.229997245736847,True,False,False
supraventricular,supraventricular,bradycardia,39.360519552919286,True,False,False
ventricular,ventricular,bradycardia,43.82849843674436,True,False,False
normal,normal,bradycardia,35.10744497174684,True,False,False
normal,ventricular,bradycardia,58.579390682426414,False,False,False
normal,normal,bradycardia,35.09947638074186,True,False,False
ventricular,ventricular,bradycardia,33.27085737681192,True,False,False
ventricular,ventricular,bradycardia,44.981664449343874,True,False,False
supraventricular,supraventricular,bradycardia,32.78271832742385,True,False,False
normal,normal,bradycardia,47.81780396259011,True,False,False
normal,normal,bradycardia,46.165618618543654,True,False,False
normal,normal,bradycardia,26.820734412903715,True,False,False
other,other,bradycardia,39.488542982512804,True,False,False
ventricular,ventricular,bradycardia,39.78426456314534,True,False,False
normal,normal,bradycardia,19.95541059707933,True,False,False
normal,normal,bradycardia,54.8692095971289,True,False,False
normal,normal,bradycardia,40.93957027675982,True,False,False
normal,normal,normal,70.07222410197863,True,True,True
normal,ventricular,bradycardia,51.62117507465246,False,False,False
normal,normal,bradycardia,46.981652784750835,True,False,False
ventricular,ventricular,normal,60.561404474117865,True,False,False
normal,normal,bradycardia,46.88756159866015,True,False,False
normal,normal,bradycardia,29.354032725987192,True,False,False
ventricular,ventricular,bradycardia,47.77936329952954,True,False,False
normal,normal,bradycardia,37.87283946708862,True,False,False
normal,normal,bradycardia,51.823139491847606,True,False,False
normal,normal,bradycardia,31.413006791866124,True,False,False
normal,normal,bradycardia,44.92020112917034,True,False,False
normal,normal,bradycardia,46.94793133239405,True,False,False
normal,normal,bradycardia,43.3705464046698,True,False,False
ventricular,normal,bradycardia,38.46308245922971,False,False,False
ventricular,normal,bradycardia,26.93801530561708,False,False,False
normal,normal,bradycardia,26.826180025374203,True,False,False
normal,normal,bradycardia,47.252972450078786,True,False,False
normal,normal,bradycardia,42.073020399340706,True,False,False
normal,normal,bradycardia,28.778294046557136,True,False,False
normal,normal,bradycardia,40.5606652205862,True,False,False
normal,normal,bradycardia,31.6275558556939,True,False,False
normal,normal,bradycardia,34.367285581292066,True,False,False
ventricular,ventricular,bradycardia,39.75110615861292,True,False,False
normal,normal,bradycardia,44.22880056699508,True,False,False
normal,normal,bradycardia,36.0335168821487,True,False,False
supraventricular,supraventricular,bradycardia,34.78186687217455,True,False,False
other,other,bradycardia,38.96974295688707,True,False,False
normal,normal,bradycardia,31.6275558556939,True,False,False
ventricular,normal,bradycardia,26.966866772737195,False,False,False
normal,normal,bradycardia,28.32460859934159,True,False,False
normal,normal,bradycardia,32.91005370662461,True,False,False
supraventricular,supraventricular,bradycardia,36.67904852914408,True,False,False
normal,normal,bradycardia,28.85752793312077,True,False,False
normal,normal,bradycardia,58.50480673544307,True,False,False
normal,normal,bradycardia,49.87383519421494,True,False,False
normal,normal,bradycardia,30.563439804681813,True,False,False
ventricular,ventricular,bradycardia,38.80942844127124,True,False,False
normal,normal,bradycardia,36.65289013592881,True,False,False
normal,normal,bradycardia,50.54106208603722,True,False,False
normal,normal,bradycardia,27.89312271600759,True,False,False
normal,normal,bradycardia,47.5764749278661,True,False,False
normal,normal,bradycardia,37.91438369785294,True,False,False
ventricular,ventricular,bradycardia,48.218519144974145,True,False,False
other,other,bradycardia,39.02884570038643,True,False,False
other,other,bradycardia,39.18222871581728,True,False,False
normal,normal,bradycardia,28.6837022944052,True,False,False
normal,normal,bradycardia,46.766313399530375,True,False,False
normal,normal,bradycardia,51.35051982309513,True,False,False
normal,normal,bradycardia,33.217270361311684,True,False,False
normal,normal,bradycardia,30.59609788502262,True,False,False
normal,normal,bradycardia,39.09077635911277,True,False,False
normal,normal,bradycardia,48.237366612980956,True,False,False
normal,normal,bradycardia,33.14753024093895,True,False,False
supraventricular,supraventricular,bradycardia,38.969032493512564,True,False,False
ventricular,ventricular,bradycardia,36.54838929683692,True,False,False
ventricular,normal,bradycardia,42.23814075961908,False,False,False
ventricular,ventricular,bradycardia,46.219726155036,True,False,False
ventricular,ventricular,bradycardia,54.45634369832461,True,False,False
normal,normal,bradycardia,51.87204903225097,True,False,False
ventricular,ventricular,bradycardia,44.0411121979544,True,False,False
normal,normal,bradycardia,46.79693346444754,True,False,False
normal,normal,bradycardia,48.25853464381348,True,False,False
ventricular,ventricular,bradycardia,38.210304511941885,True,False,False
normal,normal,bradycardia,41.179670958507145,True,False,False
ventricular,normal,bradycardia,44.25198759264825,False,False,False
ventricular,ventricular,bradycardia,47.24452584013235,True,False,False
ventricular,normal,bradycardia,52.02279331096758,False,False,False
supraventricular,supraventricular,bradycardia,42.89421784669672,True,False,False
ventricular,ventricular,bradycardia,44.399372395369205,True,False,False
ventricular,ventricular,bradycardia,42.300506111074235,True,False,False
normal,normal,bradycardia,35.600367306980885,True,False,False
normal,normal,bradycardia,46.93091120939442,True,False,False
normal,normal,bradycardia,28.19715430230675,True,False,False
normal,ventricular,bradycardia,32.16146844733696,False,False,False
ventricular,ventricular,bradycardia,40.99047086929855,True,False,False
normal,normal,bradycardia,35.15560870263975,True,False,False
normal,other,bradycardia,40.93544375566562,False,False,False
normal,normal,bradycardia,49.294689396382076,True,False,False
ventricular,ventricular,bradycardia,43.02488807972351,True,False,False
ventricular,ventricular,normal,60.74053456198553,True,False,False
ventricular,ventricular,bradycardia,47.746885259492174,True,False,False
normal,normal,bradycardia,45.7147870209376,True,False,False
normal,normal,bradycardia,49.870057176850686,True,False,False
normal,normal,bradycardia,46.660436817024376,True,False,False
ventricular,ventricular,bradycardia,46.07914888232948,True,False,False
ventricular,ventricular,bradycardia,42.300506111074235,True,False,False
normal,normal,bradycardia,32.23815887550398,True,False,False
normal,normal,bradycardia,32.929879001512354,True,False,False
ventricular,normal,bradycardia,56.76767512320476,False,False,False
normal,normal,bradycardia,34.15112485775698,True,False,False
normal,normal,bradycardia,48.19270856186078,True,False,False
normal,normal,bradycardia,26.913415715346964,True,False,False
normal,normal,bradycardia,42.51932148778287,True,False,False
normal,normal,bradycardia,46.768951502809614,True,False,False
normal,ventricular,bradycardia,37.30633582012062,False,False,False
ventricular,ventricular,bradycardia,44.44172084268205,True,False,False
normal,normal,bradycardia,38.6070143014468,True,False,False
ventricular,normal,bradycardia,52.63636694076956,False,False,False
supraventricular,normal,bradycardia,56.264731144613734,False,False,False
normal,normal,bradycardia,25.559795875578445,True,False,False
supraventricular,supraventricular,bradycardia,48.511582911954456,True,False,False
normal,normal,bradycardia,47.00194019971525,True,False,False
ventricular,ventricular,bradycardia,46.82846282042834,True,False,False
normal,normal,bradycardia,32.21895472530864,True,False,False
normal,normal,bradycardia,32.93016499847083,True,False,False
ventricular,ventricular,bradycardia,44.90280771864511,True,False,False
ventricular,ventricular,bradycardia,47.24802089624054,True,False,False
ventricular,ventricular,normal,61.85777108145195,True,False,False
ventricular,ventricular,bradycardia,51.38455373424028,True,False,False
normal,normal,bradycardia,38.05946595174727,True,False,False
normal,normal,bradycardia,47.39145946069844,True,False,False
normal,normal,bradycardia,35.352568879193576,True,False,False
normal,normal,bradycardia,45.99630542985495,True,False,False
ventricular,ventricular,normal,61.58224198508698,True,False,False
ventricular,normal,bradycardia,50.08095808432289,False,False,False
normal,normal,bradycardia,50.546905431075054,True,False,False
normal,normal,bradycardia,27.06341670424675,True,False,False
normal,normal,bradycardia,30.322770627598395,True,False,False
normal,normal,bradycardia,40.44731305455628,True,False,False
normal,normal,bradycardia,34.73180969916344,True,False,False
supraventricular,supraventricular,bradycardia,46.85649376171879,True,False,False
normal,normal,bradycardia,29.33593490274773,True,False,False
normal,normal,bradycardia,30.482868193920773,True,False,False
normal,normal,bradycardia,46.10381840098682,True,False,False
supraventricular,supraventricular,bradycardia,40.39000550584635,True,False,False
normal,normal,bradycardia,30.209097413258586,True,False,False
normal,normal,bradycardia,40.381086208814054,True,False,False
normal,normal,bradycardia,37.13713654863081,True,False,False
supraventricular,supraventricular,bradycardia,41.039041338219725,True,False,False
normal,normal,bradycardia,34.83691860270916,True,False,False
normal,normal,bradycardia,39.06757609797011,True,False,False
normal,normal,bradycardia,35.70538746987641,True,False,False
ventricular,normal,normal,62.43462234834184,False,False,True
normal,normal,bradycardia,46.61923637267247,True,False,False
normal,normal,bradycardia,36.910545292499506,True,False,False
normal,normal,bradycardia,47.65826344341592,True,False,False
ventricular,ventricular,bradycardia,41.731969386255585,True,False,False
ventricular,ventricular,bradycardia,41.333704610955095,True,False,False
ventricular,ventricular,bradycardia,30.80186575427017,True,False,False
normal,normal,bradycardia,36.329826929755896,True,False,False
normal,normal,bradycardia,34.91876332187793,True,False,False
normal,normal,bradycardia,46.088722529542835,True,False,False
normal,normal,bradycardia,37.461080132832805,True,False,False
supraventricular,supraventricular,bradycardia,40.49885176250544,True,False,False
normal,normal,bradycardia,46.42078019904135,True,False,False
normal,normal,bradycardia,42.15635047956843,True,False,False
normal,normal,bradycardia,30.89098522759558,True,False,False
normal,normal,bradycardia,47.09444679077081,True,False,False
normal,ventricular,bradycardia,49.35205531702726,False,False,False
normal,normal,bradycardia,41.097317305393716,True,False,False
normal,normal,bradycardia,26.413775044602353,True,False,False
normal,normal,bradycardia,46.54302194046958,True,False,False
normal,normal,bradycardia,33.74094330751908,True,False,False
ventricular,ventricular,bradycardia,45.392762016504925,True,False,False
normal,normal,bradycardia,29.89957616601808,True,False,False
normal,normal,bradycardia,41.62786098983977,True,False,False
normal,normal,bradycardia,28.965685069205517,True,False,False
normal,normal,bradycardia,31.55682406716922,True,False,False
normal,normal,bradycardia,41.21955243829267,True,False,False
ventricular,ventricular,bradycardia,38.23679972402695,True,False,False
normal,normal,bradycardia,34.58123280154436,True,False,False
ventricular,ventricular,bradycardia,44.802142025129804,True,False,False
normal,normal,bradycardia,44.75639725187308,True,False,False
normal,normal,bradycardia,38.040412390868944,True,False,False
ventricular,ventricular,bradycardia,52.034094207388016,True,False,False
normal,normal,bradycardia,33.08865670526915,True,False,False
normal,normal,bradycardia,31.38466710028833,True,False,False
normal,normal,bradycardia,46.56723754058964,True,False,False
ventricular,ventricular,bradycardia,44.82989345111695,True,False,False
ventricular,ventricular,bradycardia,45.13766858998807,True,False,False
normal,normal,bradycardia,47.5523676422038,True,False,False
ventricular,ventricular,bradycardia,44.84611288995993,True,False,False
normal,normal,bradycardia,43.00348772156273,True,False,False
normal,normal,bradycardia,36.12787910501853,True,False,False
normal,normal,bradycardia,28.043475576068,True,False,False
ventricular,ventricular,bradycardia,44.802142025129804,True,False,False
normal,normal,bradycardia,49.06196607225173,True,False,False
normal,normal,bradycardia,38.45987464340211,True,False,False
ventricular,ventricular,bradycardia,40.83505107004755,True,False,False
normal,ventricular,bradycardia,34.41744018375218,False,False,False
other,other,normal,75.22524157018093,True,False,False
normal,normal,bradycardia,39.873252956082695,True,False,False
normal,normal,bradycardia,35.48554342484547,True,False,False
normal,normal,bradycardia,45.711003531345426,True,False,False
ventricular,ventricular,bradycardia,44.880846695793444,True,False,False
normal,normal,bradycardia,46.79693346444754,True,False,False
normal,normal,bradycardia,33.46129120253904,True,False,False
normal,normal,bradycardia,28.85784592600297,True,False,False
ventricular,ventricular,bradycardia,43.39510096006477,True,False,False
normal,normal,bradycardia,44.91206276263367,True,False,False
normal,normal,bradycardia,48.21495697961446,True,False,False
normal,normal,bradycardia,34.79364904989997,True,False,False
normal,normal,bradycardia,50.074046273371685,True,False,False
normal,normal,bradycardia,45.26812092293642,True,False,False
normal,normal,bradycardia,35.614259655691676,True,False,False
normal,normal,bradycardia,48.02750103548594,True,False,False
ventricular,normal,bradycardia,45.080015260120625,False,False,False
normal,normal,bradycardia,45.3806576088245,True,False,False
ventricular,ventricular,bradycardia,45.37639393032621,True,False,False
supraventricular,supraventricular,bradycardia,49.2198524564643,True,False,False
normal,normal,bradycardia,40.080569303919894,True,False,False
normal,normal,bradycardia,46.91596399580803,True,False,False
normal,normal,bradycardia,37.40214350525545,True,False,False
supraventricular,normal,bradycardia,52.444545723306284,False,False,False
normal,normal,bradycardia,39.3278382223789,True,False,False
normal,normal,bradycardia,41.00132472272847,True,False,False
normal,normal,bradycardia,31.768985384911545,True,False,False
normal,normal,bradycardia,57.34095903436839,True,False,False
normal,normal,bradycardia,39.80537250760795,True,False,False
normal,normal,bradycardia,36.12787910501853,True,False,False
ventricular,ventricular,bradycardia,53.84904618357667,True,False,False
ventricular,ventricular,bradycardia,49.07595324189134,True,False,False
normal,normal,bradycardia,31.165406116821963,True,False,False
normal,normal,bradycardia,20.391837054630216,True,False,False
supraventricular,supraventricular,bradycardia,41.23057936759267,True,False,False
normal,normal,bradycardia,46.81451241967495,True,False,False
normal,normal,bradycardia,52.29707588538186,True,False,False
normal,normal,bradycardia,41.065088170625195,True,False,False
normal,normal,bradycardia,49.589545541509885,True,False,False
normal,normal,bradycardia,41.19866068414456,True,False,False
normal,normal,bradycardia,20.594259697202983,True,False,False
normal,normal,bradycardia,50.58125975715779,True,False,False
normal,normal,bradycardia,26.15907263478969,True,False,False
ventricular,normal,bradycardia,46.46243951417294,False,False,False
normal,normal,bradycardia,38.14877073867228,True,False,False
ventricular,normal,normal,60.88640654719093,False,False,True
normal,normal,bradycardia,51.87204903225097,True,False,False
normal,normal,bradycardia,28.194211614235922,True,False,False
normal,normal,bradycardia,41.417724010896706,True,False,False
normal,normal,bradycardia,31.499541592160305,True,False,False
normal,normal,bradycardia,38.603625498069604,True,False,False
normal,normal,bradycardia,53.326000647137185,True,False,False
normal,normal,bradycardia,38.68801698882732,True,False,False
supraventricular,normal,bradycardia,23.976164101623198,False,False,False
normal,normal,bradycardia,32.51177689890088,True,False,False
normal,normal,bradycardia,46.15856609666159,True,False,False
normal,normal,bradycardia,32.75438147467111,True,False,False
normal,normal,bradycardia,39.797061216128995,True,False,False
ventricular,ventricular,bradycardia,45.19144899442354,True,False,False
normal,normal,bradycardia,48.03401376319133,True,False,False
normal,ventricular,bradycardia,50.305320236407916,False,False,False
normal,normal,bradycardia,39.95665807882932,True,False,False
normal,normal,bradycardia,33.29724551090131,True,False,False
normal,normal,bradycardia,43.75374468044058,True,False,False
normal,normal,bradycardia,46.07154210735806,True,False,False
ventricular,ventricular,bradycardia,41.815766202437274,True,False,False
other,other,bradycardia,40.550527962638085,True,False,False
other,other,bradycardia,39.15130793807355,True,False,False
normal,normal,bradycardia,44.798468579011406,True,False,False
normal,normal,bradycardia,31.202665468357672,True,False,False
normal,normal,bradycardia,42.41682430167221,True,False,False
ventricular,ventricular,bradycardia,49.90419194244653,True,False,False
normal,normal,bradycardia,48.4579315143622,True,False,False
supraventricular,supraventricular,bradycardia,40.305359171716866,True,False,False
normal,normal,bradycardia,52.85562810544077,True,False,False
normal,normal,bradycardia,44.86409872546334,True,False,False
normal,normal,bradycardia,39.82254255806112,True,False,False
ventricular,ventricular,bradycardia,44.50741551058656,True,False,False
normal,normal,bradycardia,39.41910153805229,True,False,False
normal,normal,bradycardia,38.3128498845513,True,False,False
other,other,bradycardia,40.10596386588692,True,False,False
normal,normal,bradycardia,30.751913352120646,True,False,False
normal,normal,bradycardia,36.68853157066063,True,False,False
normal,normal,bradycardia,37.034632373546465,True,False,False
normal,normal,bradycardia,42.127599220546294,True,False,False
normal,normal,bradycardia,40.849478532676756,True,False,False
normal,normal,bradycardia,46.05606160667942,True,False,False
normal,normal,bradycardia,43.7551397608942,True,False,False
normal,other,bradycardia,41.18060931086414,False,False,False
normal,normal,bradycardia,41.32479777710469,True,False,False
normal,normal,bradycardia,41.488719045150454,True,False,False
normal,normal,bradycardia,35.2982891901254,True,False,False
supraventricular,supraventricular,bradycardia,29.668773619795626,True,False,False
normal,normal,bradycardia,32.40780879442778,True,False,False
normal,normal,bradycardia,50.580947114715734,True,False,False
normal,normal,bradycardia,35.99807230331545,True,False,False
normal,normal,bradycardia,40.517956340941126,True,False,False
normal,normal,bradycardia,32.74042082567226,True,False,False
normal,normal,bradycardia,43.30341575358147,True,False,False
ventricular,ventricular,bradycardia,45.68226240400063,True,False,False
ventricular,ventricular,bradycardia,44.48396345134996,True,False,False
normal,normal,bradycardia,37.67718388596805,True,False,False
ventricular,ventricular,bradycardia,35.02291669899869,True,False,False
normal,normal,bradycardia,43.035577473420744,True,False,False
normal,normal,bradycardia,28.237259178501382,True,False,False
normal,normal,bradycardia,40.87513041723493,True,False,False
normal,normal,bradycardia,32.181457601388125,True,False,False
normal,normal,bradycardia,40.98778657855008,True,False,False
normal,normal,bradycardia,35.4152374588912,True,False,False
ventricular,ventricular,bradycardia,35.508820137169046,True,False,False
normal,normal,bradycardia,27.69155978948602,True,False,False
normal,normal,bradycardia,36.770838897600306,True,False,False
normal,normal,bradycardia,36.37119165454706,True,False,False
normal,normal,bradycardia,31.3388879552837,True,False,False
normal,normal,bradycardia,46.31267225007947,True,False,False
normal,normal,bradycardia,46.196364694272255,True,False,False
normal,normal,bradycardia,53.03999621334901,True,False,False
normal,normal,bradycardia,28.477179874289117,True,False,False
normal,normal,bradycardia,35.06095224393371,True,False,False
ventricular,ventricular,bradycardia,39.90852302569498,True,False,False
normal,normal,bradycardia,41.2928922784807,True,False,False
normal,normal,bradycardia,43.04554961052841,True,False,False
normal,normal,bradycardia,20.594259697202983,True,False,False
ventricular,ventricular,bradycardia,47.44682196127849,True,False,False
normal,normal,normal,71.52499817568297,True,True,True
normal,normal,bradycardia,30.755766768566662,True,False,False
normal,normal,bradycardia,47.24016238587309,True,False,False
ventricular,normal,normal,61.96995859846945,False,False,True
normal,normal,bradycardia,35.614259655691676,True,False,False
normal,normal,bradycardia,46.05254151831983,True,False,False
normal,normal,bradycardia,39.055561625705636,True,False,False
ventricular,ventricular,bradycardia,46.173942301874185,True,False,False
normal,normal,bradycardia,32.08894347110794,True,False,False
normal,normal,bradycardia,34.94272015732621,True,False,False
normal,normal,bradycardia,31.146875250878377,True,False,False
normal,normal,bradycardia,33.742098182770306,True,False,False
normal,normal,bradycardia,32.21300803816937,True,False,False
ventricular,ventricular,bradycardia,40.73301084445175,True,False,False
normal,normal,bradycardia,43.11375639256201,True,False,False
ventricular,ventricular,bradycardia,44.66092975517239,True,False,False
normal,normal,bradycardia,26.45010191438277,True,False,False
normal,normal,bradycardia,20.383106182278688,True,False,False
normal,normal,bradycardia,46.10644975663082,True,False,False
ventricular,ventricular,bradycardia,40.61469647669917,True,False,False
normal,normal,bradycardia,51.1134891852392,True,False,False
normal,normal,bradycardia,45.89376370761816,True,False,False
normal,normal,bradycardia,50.593168091440646,True,False,False
normal,normal,bradycardia,45.81743253703962,True,False,False
normal,normal,bradycardia,34.324225750203794,True,False,False
normal,normal,bradycardia,36.91553107578248,True,False,False
supraventricular,supraventricular,bradycardia,41.85722525358799,True,False,False
normal,normal,bradycardia,36.64449333972109,True,False,False
normal,normal,bradycardia,30.679477889520378,True,False,False
ventricular,ventricular,bradycardia,36.12500454480307,True,False,False
normal,normal,bradycardia,39.25214651485077,True,False,False
normal,normal,bradycardia,41.39900461934759,True,False,False
normal,supraventricular,normal,61.36124671710033,False,True,False
supraventricular,normal,bradycardia,54.32392918072537,False,False,False
normal,normal,normal,98.17878909635041,True,True,True
normal,normal,bradycardia,49.83194909434726,True,False,False
ventricular,ventricular,bradycardia,45.54539463560013,True,False,False
normal,normal,bradycardia,38.04169720713385,True,False,False
normal,normal,bradycardia,34.50547838300042,True,False,False
normal,normal,bradycardia,28.400256313619156,True,False,False
normal,normal,bradycardia,43.47697135238713,True,False,False
ventricular,ventricular,bradycardia,46.367472171049535,True,False,False
ventricular,ventricular,bradycardia,42.2360735535984,True,False,False
ventricular,ventricular,bradycardia,40.574385965299776,True,False,False
normal,normal,bradycardia,46.4473595399262,True,False,False
normal,normal,bradycardia,42.309075078392965,True,False,False
normal,normal,bradycardia,47.753021828280104,True,False,False
other,other,bradycardia,39.14186408743783,True,False,False
normal,normal,bradycardia,36.85021094504155,True,False,False
normal,normal,bradycardia,46.823075922053434,True,False,False
normal,normal,bradycardia,50.39696759330345,True,False,False
ventricular,normal,normal,63.48068658367726,False,False,True
normal,normal,bradycardia,39.26363140759626,True,False,False
normal,normal,bradycardia,39.4174694501819,True,False,False
ventricular,ventricular,bradycardia,59.521714179439556,True,False,False
normal,normal,bradycardia,51.3850174397633,True,False,False
ventricular,normal,bradycardia,46.538270086312515,False,False,False
normal,normal,bradycardia,51.93864693519238,True,False,False
supraventricular,supraventricular,bradycardia,38.02801781034911,True,False,False
ventricular,ventricular,bradycardia,30.80186575427017,True,False,False
ventricular,normal,bradycardia,27.37480660798826,False,False,False
normal,normal,bradycardia,31.668949138735705,True,False,False
supraventricular,normal,bradycardia,42.20689978183003,False,False,False
normal,normal,bradycardia,46.19417835437012,True,False,False
normal,normal,bradycardia,46.79693346444754,True,False,False
ventricular,ventricular,bradycardia,40.38881783767536,True,False,False
ventricular,ventricular,bradycardia,53.01397084091739,True,False,False
normal,other,bradycardia,40.54939182860264,False,False,False
normal,normal,bradycardia,30.816794085458838,True,False,False
normal,normal,bradycardia,32.64475203509093,True,False,False
normal,normal,bradycardia,46.38503924551476,True,False,False
normal,normal,bradycardia,47.001211718319695,True,False,False
ventricular,ventricular,normal,60.54444754661956,True,False,False
normal,normal,bradycardia,20.19186471170362,True,False,False
normal,normal,bradycardia,43.88009969814933,True,False,False
normal,normal,bradycardia,44.15473529312997,True,False,False
normal,normal,bradycardia,30.87927623283498,True,False,False
normal,other,bradycardia,41.10600575419624,False,False,False
ventricular,ventricular,bradycardia,47.870604832196626,True,False,False
normal,normal,bradycardia,40.740316101594665,True,False,False
ventricular,ventricular,bradycardia,44.53041310245246,True,False,False
normal,normal,bradycardia,37.89553772277253,True,False,False
normal,normal,bradycardia,26.91398263643501,True,False,False
normal,normal,bradycardia,32.18948142920017,True,False,False
ventricular,ventricular,bradycardia,50.84273328493163,True,False,False
normal,normal,bradycardia,47.544952265273125,True,False,False
ventricular,ventricular,normal,60.57618227431783,True,False,False
normal,normal,bradycardia,28.11268793139193,True,False,False
supraventricular,supraventricular,bradycardia,33.96839744303809,True,False,False
normal,normal,bradycardia,33.97299698560829,True,False,False
supraventricular,supraventricular,bradycardia,35.8513582811069,True,False,False
normal,normal,bradycardia,31.892278010731946,True,False,False
ventricular,ventricular,bradycardia,28.262172458426555,True,False,False
normal,normal,bradycardia,34.630730171764625,True,False,False
normal,normal,bradycardia,32.81443540816529,True,False,False
normal,normal,bradycardia,29.561995008133223,True,False,False
normal,normal,bradycardia,49.079665969358885,True,False,False
normal,normal,bradycardia,49.71930442019219,True,False,False
ventricular,ventricular,normal,60.54316677092814,True,False,False
ventricular,ventricular,bradycardia,45.50189056898534,True,False,False
normal,normal,normal,60.74423120753751,True,True,True
normal,normal,bradycardia,31.33461568397155,True,False,False
normal,normal,bradycardia,28.15467837761544,True,False,False
other,other,bradycardia,39.492921685335986,True,False,False
normal,normal,bradycardia,38.73666956133806,True,False,False
normal,normal,bradycardia,30.812173357262584,True,False,False
ventricular,normal,bradycardia,30.040154346366055,False,False,False
ventricular,ventricular,bradycardia,40.53526362109464,True,False,False
ventricular,ventricular,normal,62.504667253626664,True,False,False
normal,normal,bradycardia,45.99630542985495,True,False,False
normal,normal,bradycardia,46.17942065649237,True,False,False
normal,normal,bradycardia,43.1084257310463,True,False,False
normal,normal,bradycardia,35.97656963723623,True,False,False
normal,normal,bradycardia,40.012934606112815,True,False,False
ventricular,normal,bradycardia,39.14781773783549,False,False,False
supraventricular,supraventricular,bradycardia,49.37785944856567,True,False,False
normal,normal,bradycardia,30.468731513928304,True,False,False
ventricular,ventricular,bradycardia,57.04773649428608,True,False,False
normal,normal,bradycardia,48.30397009633228,True,False,False
normal,normal,bradycardia,34.43096820044574,True,False,False
normal,normal,bradycardia,48.732948834213275,True,False,False
normal,normal,bradycardia,49.30884515761773,True,False,False
normal,normal,bradycardia,26.53359679974958,True,False,False
normal,normal,bradycardia,35.223417909832115,True,False,False
ventricular,ventricular,bradycardia,43.39510096006477,True,False,False
normal,normal,bradycardia,36.868701268732124,True,False,False
normal,normal,bradycardia,36.750855915137414,True,False,False
normal,normal,normal,74.0650598740142,True,True,True
normal,normal,bradycardia,34.52638542718502,True,False,False
normal,normal,bradycardia,47.50766986525751,True,False,False
normal,normal,bradycardia,31.987312190144912,True,False,False
normal,normal,bradycardia,38.71370232360918,True,False,False
normal,normal,bradycardia,30.429453611083744,True,False,False
normal,normal,bradycardia,44.14200206842025,True,False,False
normal,normal,bradycardia,31.174609425872823,True,False,False
ventricular,ventricular,bradycardia,44.94539444865634,True,False,False
ventricular,other,bradycardia,43.223381308378,False,False,False
normal,normal,bradycardia,22.16850607569152,True,False,False
normal,normal,bradycardia,28.258292143206134,True,False,False
normal,normal,bradycardia,38.80648656509294,True,False,False
ventricular,ventricular,bradycardia,36.54838929683692,True,False,False
normal,normal,bradycardia,49.27500570847022,True,False,False
normal,normal,bradycardia,32.23815887550398,True,False,False
ventricular,ventricular,bradycardia,46.822735277636816,True,False,False
ventricular,ventricular,bradycardia,42.902707697702674,True,False,False
normal,normal,bradycardia,40.181281118077244,True,False,False
supraventricular,supraventricular,bradycardia,44.0245481990614,True,False,False
normal,normal,bradycardia,32.052829509389454,True,False,False
normal,normal,bradycardia,46.57098377375709,True,False,False
normal,normal,bradycardia,47.39145946069844,True,False,False
normal,normal,bradycardia,46.49914414606376,True,False,False
normal,normal,bradycardia,51.83406152091246,True,False,False
normal,normal,bradycardia,51.39114522647374,True,False,False
normal,normal,bradycardia,38.5178314354999,True,False,False
normal,normal,bradycardia,37.99747042178703,True,False,False
ventricular,ventricular,bradycardia,38.94077713909853,True,False,False
supraventricular,supraventricular,bradycardia,39.82365660670464,True,False,False
supraventricular,supraventricular,bradycardia,56.22922456134171,True,False,False
normal,normal,bradycardia,27.43753554114772,True,False,False
normal,normal,bradycardia,42.72999587846198,True,False,False
supraventricular,supraventricular,bradycardia,39.27701587244891,True,False,False
normal,normal,bradycardia,40.69251316088923,True,False,False
normal,normal,bradycardia,37.49396369155083,True,False,False
ventricular,ventricular,bradycardia,59.9111300008688,True,False,False
normal,normal,bradycardia,37.582265869055426,True,False,False
normal,normal,bradycardia,32.22499624343942,True,False,False
supraventricular,supraventricular,bradycardia,40.46320119535733,True,False,False
ventricular,ventricular,normal,69.69619213191673,True,False,False
normal,normal,bradycardia,45.621873122222276,True,False,False
normal,normal,bradycardia,32.21300803816937,True,False,False
normal,normal,bradycardia,32.748720892405125,True,False,False
normal,normal,bradycardia,32.823758366398536,True,False,False
normal,normal,bradycardia,32.26912085308088,True,False,False
normal,normal,bradycardia,35.84631906970013,True,False,False
ventricular,normal,bradycardia,43.90182505616432,False,False,False
normal,normal,bradycardia,46.011818330090904,True,False,False
normal,normal,bradycardia,39.413691461009485,True,False,False
normal,normal,bradycardia,28.458548314101527,True,False,False
normal,normal,bradycardia,31.23159792190219,True,False,False
normal,normal,bradycardia,31.0414243423562,True,False,False
ventricular,ventricular,bradycardia,45.11039482864771,True,False,False
normal,ventricular,bradycardia,41.23230149570042,False,False,False
ventricular,ventricular,bradycardia,44.940869072921245,True,False,False
normal,normal,bradycardia,49.10474149140871,True,False,False
normal,normal,bradycardia,26.505733353610022,True,False,False
normal,normal,bradycardia,33.87969277413353,True,False,False
supraventricular,supraventricular,bradycardia,48.108531752243906,True,False,False
ventricular,normal,bradycardia,48.456389043571875,False,False,False
normal,normal,normal,84.2495151213951,True,True,True
supraventricular,supraventricular,normal,62.62124817298871,True,False,False
normal,ventricular,bradycardia,49.0853158146284,False,False,False
normal,ventricular,normal,70.9922624628593,False,True,False
ventricular,ventricular,normal,61.175202233565095,True,False,False
normal,normal,bradycardia,37.80277690152786,True,False,False
normal,normal,bradycardia,28.85784592600297,True,False,False
normal,normal,bradycardia,49.18769948689166,True,False,False
normal,normal,bradycardia,27.776899420847368,True,False,False
normal,normal,bradycardia,38.87485757030253,True,False,False
normal,normal,bradycardia,41.04678722428264,True,False,False
ventricular,ventricular,normal,62.08004448249724,True,False,False
normal,ventricular,bradycardia,31.220747324721412,False,False,False
normal,normal,bradycardia,45.36023081577938,True,False,False
ventricular,ventricular,normal,60.090131166391274,True,False,False
normal,normal,bradycardia,40.39285246797036,True,False,False
ventricular,ventricular,bradycardia,36.54838929683692,True,False,False
supraventricular,supraventricular,bradycardia,33.87251144527505,True,False,False
supraventricular,supraventricular,bradycardia,40.87666763479518,True,False,False
normal,normal,bradycardia,31.74174110965454,True,False,False
normal,normal,bradycardia,30.468731513928304,True,False,False
ventricular,ventricular,bradycardia,59.39447089373248,True,False,False
other,other,bradycardia,39.60153928859815,True,False,False
normal,normal,bradycardia,40.74937709146109,True,False,False
normal,normal,bradycardia,39.51482243508877,True,False,False
normal,normal,bradycardia,20.11526535905631,True,False,False
ventricular,ventricular,bradycardia,44.20776362926484,True,False,False
ventricular,ventricular,bradycardia,38.496330447480474,True,False,False
normal,normal,bradycardia,40.67757361529934,True,False,False
normal,normal,bradycardia,44.57388794337404,True,False,False
normal,normal,bradycardia,33.44794721526205,True,False,False
normal,normal,bradycardia,33.727054630692265,True,False,False
supraventricular,supraventricular,bradycardia,40.20069400341116,True,False,False
ventricular,ventricular,normal,74.58037938939205,True,False,False
normal,normal,bradycardia,36.85021094504155,True,False,False
normal,normal,bradycardia,47.5764749278661,True,False,False
normal,normal,bradycardia,44.86409872546334,True,False,False
normal,normal,bradycardia,33.286109792983524,True,False,False
normal,normal,bradycardia,45.3806576088245,True,False,False
ventricular,ventricular,normal,60.54541534298848,True,False,False
normal,normal,bradycardia,39.95736249293447,True,False,False
normal,normal,bradycardia,28.370526472670814,True,False,False
normal,normal,bradycardia,28.308588410787188,True,False,False
normal,normal,bradycardia,41.64174715998113,True,False,False
normal,normal,bradycardia,40.048122885440485,True,False,False
normal,normal,bradycardia,46.478533605523666,True,False,False
normal,normal,bradycardia,26.820734412903715,True,False,False
normal,normal,bradycardia,37.493087609738005,True,False,False
ventricular,ventricular,bradycardia,50.82218815663729,True,False,False
normal,normal,bradycardia,50.840846025612436,True,False,False
ventricular,ventricular,bradycardia,39.6605952023943,True,False,False
ventricular,ventricular,normal,69.69619213191673,True,False,False
normal,normal,bradycardia,33.91798231964184,True,False,False
ventricular,ventricular,bradycardia,50.41250070364483,True,False,False
normal,normal,bradycardia,39.939435235701254,True,False,False
normal,normal,bradycardia,33.057152861169264,True,False,False
supraventricular,supraventricular,bradycardia,37.44313294145453,True,False,False
normal,normal,bradycardia,45.75834402320077,True,False,False
supraventricular,supraventricular,bradycardia,39.85809682585122,True,False,False
normal,normal,bradycardia,46.25985112084102,True,False,False
normal,normal,bradycardia,33.74380252061774,True,False,False
ventricular,ventricular,bradycardia,52.49094808308603,True,False,False
normal,normal,bradycardia,40.06777715749331,True,False,False
normal,normal,bradycardia,41.56259917751022,True,False,False
supraventricular,normal,bradycardia,41.73834217697299,False,False,False
normal,normal,bradycardia,41.976278314818835,True,False,False
normal,normal,bradycardia,47.505427730466934,True,False,False
normal,normal,bradycardia,28.205017180501013,True,False,False
normal,normal,bradycardia,28.276433224849946,True,False,False
ventricular,ventricular,bradycardia,47.35493492098548,True,False,False
normal,normal,bradycardia,50.65518342443742,True,False,False
ventricular,ventricular,bradycardia,46.251263220593195,True,False,False
normal,normal,bradycardia,32.40780879442778,True,False,False
supraventricular,supraventricular,bradycardia,35.320295043854486,True,False,False
ventricular,ventricular,normal,60.715727092286954,True,False,False
ventricular,ventricular,bradycardia,45.520333684822674,True,False,False
normal,normal,bradycardia,38.22909316512757,True,False,False
ventricular,ventricular,bradycardia,47.35861149756869,True,False,False
normal,normal,bradycardia,47.691890990994196,True,False,False
normal,normal,bradycardia,28.666149679927393,True,False,False
supraventricular,supraventricular,bradycardia,44.08848486290447,True,False,False
ventricular,ventricular,bradycardia,28.26271389240363,True,False,False
ventricular,ventricular,bradycardia,36.17608828130511,True,False,False
normal,normal,bradycardia,45.567952318745064,True,False,False
normal,normal,bradycardia,43.86236353917124,True,False,False
normal,normal,bradycardia,38.71549025441678,True,False,False
normal,normal,bradycardia,31.743550059535217,True,False,False
normal,normal,bradycardia,41.02812271140854,True,False,False
ventricular,ventricular,bradycardia,57.15562573115885,True,False,False
supraventricular,supraventricular,bradycardia,43.0502593107062,True,False,False
normal,normal,bradycardia,46.597523117387496,True,False,False
normal,normal,bradycardia,37.97432218103676,True,False,False
ventricular,ventricular,bradycardia,43.66692654382434,True,False,False
normal,normal,bradycardia,43.99465273924301,True,False,False
normal,normal,bradycardia,47.252972450078786,True,False,False
ventricular,ventricular,bradycardia,46.55006989391227,True,False,False
normal,normal,bradycardia,45.93333315420173,True,False,False
normal,normal,bradycardia,50.434237716414145,True,False,False
normal,normal,bradycardia,33.65640854161909,True,False,False
ventricular,ventricular,bradycardia,47.77194236408041,True,False,False
ventricular,ventricular,normal,61.16663766974146,True,False,False
normal,normal,bradycardia,29.64880586615431,True,False,False
normal,normal,bradycardia,49.86500418753259,True,False,False
normal,normal,bradycardia,45.91887757006762,True,False,False
normal,normal,bradycardia,26.682475896177504,True,False,False
supraventricular,supraventricular,bradycardia,39.839460524204505,True,False,False
normal,normal,bradycardia,29.400314047270854,True,False,False
normal,normal,bradycardia,27.894245456186198,True,False,False
normal,normal,bradycardia,32.808583086651566,True,False,False
normal,ventricular,bradycardia,35.71482029241335,False,False,False
normal,normal,bradycardia,35.023729269780766,True,False,False
normal,normal,tachycardia,100.4482202153481,True,False,False
normal,normal,bradycardia,44.798468579011406,True,False,False
ventricular,ventricular,bradycardia,44.53041310245246,True,False,False
ventricular,ventricular,bradycardia,52.60737867675469,True,False,False
normal,normal,bradycardia,34.29456259955247,True,False,False
ventricular,ventricular,bradycardia,30.196892118295253,True,False,False
normal,normal,bradycardia,27.61842288305049,True,False,False
normal,normal,bradycardia,36.478186133485025,True,False,False
normal,normal,bradycardia,27.89312271600759,True,False,False
normal,supraventricular,bradycardia,48.55296666523672,False,False,False
normal,normal,bradycardia,47.05549333630533,True,False,False
ventricular,ventricular,bradycardia,53.62237363882596,True,False,False
normal,normal,bradycardia,32.510117695258614,True,False,False
ventricular,ventricular,bradycardia,40.268247122265166,True,False,False
normal,normal,bradycardia,32.11692220023834,True,False,False
normal,normal,bradycardia,40.94557981213276,True,False,False
normal,normal,bradycardia,38.54683228776826,True,False,False
normal,normal,bradycardia,38.548132538427865,True,False,False
normal,normal,bradycardia,36.777226222258705,True,False,False
supraventricular,normal,bradycardia,29.732312501166046,False,False,False
normal,normal,bradycardia,35.592684141456836,True,False,False
normal,normal,bradycardia,51.00169881002073,True,False,False
normal,normal,bradycardia,29.33593490274773,True,False,False
supraventricular,normal,bradycardia,50.86503262734425,False,False,False
ventricular,ventricular,bradycardia,55.50334728571982,True,False,False
normal,normal,bradycardia,38.44088570420106,True,False,False
normal,normal,bradycardia,45.13714942695219,True,False,False
normal,normal,bradycardia,32.180519103035294,True,False,False
normal,normal,bradycardia,34.28287975979207,True,False,False
ventricular,ventricular,bradycardia,47.82671450319023,True,False,False
ventricular,ventricular,bradycardia,52.693055522830086,True,False,False
ventricular,ventricular,bradycardia,46.60811357099407,True,False,False
normal,normal,bradycardia,28.18367639848731,True,False,False
normal,normal,bradycardia,35.674925164542614,True,False,False
normal,normal,bradycardia,48.68559935711832,True,False,False
normal,normal,bradycardia,29.655586712604336,True,False,False
supraventricular,supraventricular,bradycardia,39.85809682585122,True,False,False
normal,normal,bradycardia,55.10749726228362,True,False,False
ventricular,ventricular,bradycardia,45.53559232383996,True,False,False
supraventricular,supraventricular,bradycardia,32.31669821962941,True,False,False
normal,normal,bradycardia,35.894859231068686,True,False,False
normal,normal,bradycardia,48.413386223136484,True,False,False
normal,normal,bradycardia,30.337838032945648,True,False,False
ventricular,ventricular,bradycardia,45.78509672302698,True,False,False
normal,normal,bradycardia,28.51944233152372,True,False,False
ventricular,ventricular,bradycardia,41.34701362674592,True,False,False
ventricular,ventricular,bradycardia,46.904968652935935,True,False,False
normal,normal,bradycardia,43.92418769293573,True,False,False
ventricular,ventricular,bradycardia,39.36823321728689,True,False,False
normal,normal,bradycardia,36.532020921632686,True,False,False
normal,normal,tachycardia,100.4482202153481,True,False,False
normal,normal,bradycardia,49.355719015191916,True,False,False
ventricular,ventricular,bradycardia,48.07250419083441,True,False,False
supraventricular,supraventricular,bradycardia,40.20069400341116,True,False,False
fusion,fusion,bradycardia,30.52390382579152,True,False,False
ventricular,ventricular,bradycardia,37.43528270106691,True,False,False
normal,normal,bradycardia,46.54302194046958,True,False,False
normal,normal,bradycardia,34.94272015732621,True,False,False
normal,normal,bradycardia,46.10777331761024,True,False,False
normal,normal,bradycardia,42.94670226890023,True,False,False
ventricular,ventricular,bradycardia,47.38937490145979,True,False,False
ventricular,ventricular,bradycardia,46.55039766465464,True,False,False
supraventricular,supraventricular,bradycardia,34.36112682922748,True,False,False
other,other,bradycardia,38.97851790383964,True,False,False
normal,normal,bradycardia,38.83499719621217,True,False,False
normal,normal,bradycardia,37.355963796295654,True,False,False
normal,normal,bradycardia,52.66434437499165,True,False,False
ventricular,ventricular,bradycardia,33.03324681629384,True,False,False
normal,normal,bradycardia,38.97276570483439,True,False,False
normal,normal,bradycardia,32.11692220023834,True,False,False
ventricular,ventricular,normal,62.62411927389795,True,False,False
normal,normal,bradycardia,29.431150372334336,True,False,False
normal,normal,bradycardia,34.92752802456383,True,False,False
normal,normal,bradycardia,39.26501294088687,True,False,False
normal,normal,bradycardia,36.12420255669123,True,False,False
other,other,normal,64.59914488458443,True,False,False
normal,normal,bradycardia,35.6736369091297,True,False,False
normal,normal,bradycardia,34.616219528511124,True,False,False
normal,normal,bradycardia,39.07045727609859,True,False,False
normal,normal,bradycardia,43.80860999016673,True,False,False
ventricular,ventricular,bradycardia,37.88128499528917,True,False,False
normal,normal,bradycardia,34.41138410882516,True,False,False
ventricular,normal,bradycardia,46.47689942781214,False,False,False
ventricular,normal,normal,60.76329469443687,False,False,True
normal,normal,bradycardia,30.09168363262178,True,False,False
normal,normal,bradycardia,41.683729995952014,True,False,False
normal,normal,bradycardia,35.82943789073279,True,False,False
ventricular,ventricular,bradycardia,45.912947541117965,True,False,False
normal,normal,bradycardia,30.698527488031246,True,False,False
normal,normal,bradycardia,20.299433019308843,True,False,False
ventricular,ventricular,bradycardia,39.701698259457565,True,False,False
ventricular,ventricular,bradycardia,51.84964396878099,True,False,False
normal,normal,bradycardia,27.462283593323065,True,False,False
ventricular,ventricular,bradycardia,46.69479315280835,True,False,False
normal,normal,bradycardia,28.421852113059888,True,False,False
ventricular,ventricular,bradycardia,32.5857702638648,True,False,False
ventricular,normal,bradycardia,51.183123879120174,False,False,False
normal,normal,bradycardia,41.488558294069215,True,False,False
ventricular,ventricular,bradycardia,40.02633076461792,True,False,False
normal,ventricular,bradycardia,59.610838445168724,False,False,False
normal,normal,bradycardia,47.752124181635864,True,False,False
normal,normal,bradycardia,38.46086023294211,True,False,False
normal,normal,bradycardia,31.979451299670714,True,False,False
normal,normal,bradycardia,35.01146730907473,True,False,False
ventricular,ventricular,bradycardia,50.621414940355805,True,False,False
normal,normal,bradycardia,42.45449096373688,True,False,False
normal,normal,bradycardia,51.536086624832244,True,False,False
normal,normal,bradycardia,44.440578739565346,True,False,False
normal,normal,bradycardia,30.429453611083744,True,False,False
normal,normal,bradycardia,45.39089717262301,True,False,False
normal,normal,bradycardia,29.91203593312551,True,False,False
normal,normal,bradycardia,45.44796450297335,True,False,False
normal,normal,bradycardia,31.40204742267311,True,False,False
ventricular,normal,bradycardia,50.20267521963536,False,False,False
normal,normal,bradycardia,25.982907406449197,True,False,False
ventricular,ventricular,bradycardia,56.98063606389652,True,False,False
normal,normal,bradycardia,45.913441513133534,True,False,False
ventricular,normal,bradycardia,48.52152696629649,False,False,False
normal,normal,bradycardia,46.22802776915406,True,False,False
normal,normal,bradycardia,35.1362456012109,True,False,False
normal,normal,bradycardia,31.71091603155041,True,False,False
normal,normal,bradycardia,49.27500570847022,True,False,False
normal,normal,bradycardia,47.863585720405595,True,False,False
ventricular,ventricular,bradycardia,45.84522444483178,True,False,False
normal,normal,bradycardia,28.00018680265133,True,False,False
normal,normal,bradycardia,33.23904934141548,True,False,False
normal,normal,bradycardia,41.125502060036595,True,False,False
supraventricular,supraventricular,bradycardia,40.02304596406415,True,False,False
normal,normal,bradycardia,28.49141327177399,True,False,False
ventricular,ventricular,bradycardia,40.81496605470993,True,False,False
normal,normal,bradycardia,48.386028080789856,True,False,False
normal,normal,bradycardia,36.18154164671707,True,False,False
normal,normal,bradycardia,40.15090579870654,True,False,False
normal,normal,bradycardia,40.97668840735164,True,False,False
normal,normal,normal,62.36289992670051,True,True,True
ventricular,ventricular,bradycardia,42.300506111074235,True,False,False
other,other,bradycardia,40.70623842908615,True,False,False
normal,normal,bradycardia,46.58694179649349,True,False,False
normal,normal,bradycardia,45.737336855632215,True,False,False
ventricular,ventricular,bradycardia,38.386645944271706,True,False,False
normal,normal,bradycardia,42.712824746357676,True,False,False
normal,normal,bradycardia,29.86212616011119,True,False,False
supraventricular,supraventricular,bradycardia,40.72190045743168,True,False,False
normal,normal,bradycardia,31.259595058195686,True,False,False
normal,normal,bradycardia,51.60623625684547,True,False,False
normal,normal,bradycardia,45.759693299025614,True,False,False
normal,normal,bradycardia,32.694986187496646,True,False,False
normal,normal,bradycardia,26.89016118173594,True,False,False
ventricular,ventricular,bradycardia,41.40108897397909,True,False,False
normal,normal,bradycardia,40.1062730416319,True,False,False
other,other,bradycardia,41.32095488436931,True,False,False
normal,normal,bradycardia,45.55608917748759,True,False,False
normal,normal,bradycardia,28.643456809460247,True,False,False
normal,normal,bradycardia,46.83256047378343,True,False,False
normal,normal,bradycardia,47.4788749658844,True,False,False
other,other,bradycardia,41.44574789840783,True,False,False
ventricular,ventricular,bradycardia,43.16753363662976,True,False,False
supraventricular,supraventricular,bradycardia,37.71622721907652,True,False,False
normal,normal,bradycardia,51.399515471562744,True,False,False
normal,normal,bradycardia,36.63129328732237,True,False,False
normal,normal,bradycardia,42.27219312781161,True,False,False
normal,normal,bradycardia,29.31502609306998,True,False,False
normal,normal,bradycardia,43.48062520647227,True,False,False
normal,normal,bradycardia,46.58285615119792,True,False,False
normal,normal,bradycardia,44.85144329689883,True,False,False
normal,normal,bradycardia,32.51177689890088,True,False,False
normal,normal,bradycardia,34.0314101337821,True,False,False
normal,normal,bradycardia,33.24603622224581,True,False,False
normal,normal,bradycardia,31.74174110965454,True,False,False
normal,normal,bradycardia,38.87485757030253,True,False,False
normal,normal,bradycardia,40.74937709146109,True,False,False
ventricular,ventricular,bradycardia,41.252782559375405,True,False,False
supraventricular,supraventricular,bradycardia,41.62034147639807,True,False,False
ventricular,ventricular,bradycardia,44.18733218339239,True,False,False
normal,normal,bradycardia,32.47268285956937,True,False,False
supraventricular,supraventricular,bradycardia,36.11347090849475,True,False,False
normal,normal,bradycardia,46.74387247372787,True,False,False
normal,normal,bradycardia,31.477821622533718,True,False,False
ventricular,ventricular,normal,60.161489690956316,True,False,False
normal,normal,bradycardia,38.69482400271028,True,False,False
normal,normal,bradycardia,28.636745807963564,True,False,False
normal,normal,bradycardia,52.91124869945349,True,False,False
normal,normal,bradycardia,37.96625908538995,True,False,False
normal,normal,normal,80.85234195990172,True,True,True
supraventricular,supraventricular,bradycardia,40.91759048461068,True,False,False
normal,normal,bradycardia,27.69284947685735,True,False,False
normal,normal,bradycardia,48.25636229809699,True,False,False
normal,normal,bradycardia,36.66337685242157,True,False,False
other,other,bradycardia,53.55186479529155,True,False,False
normal,normal,bradycardia,33.051684348160435,True,False,False
supraventricular,supraventricular,bradycardia,46.08903893800205,True,False,False
ventricular,ventricular,normal,60.33795561512549,True,False,False
normal,normal,bradycardia,36.84257415999253,True,False,False
normal,normal,bradycardia,39.55508989122549,True,False,False
normal,normal,bradycardia,44.89768481488337,True,False,False
normal,normal,bradycardia,46.731446554068675,True,False,False
normal,normal,bradycardia,28.598470919392785,True,False,False
normal,normal,bradycardia,28.512595461385352,True,False,False
normal,normal,bradycardia,46.56619846396284,True,False,False
supraventricular,supraventricular,normal,64.09616588586353,True,False,False
ventricular,ventricular,bradycardia,43.84554211778635,True,False,False
other,other,bradycardia,41.54384651044881,True,False,False
supraventricular,supraventricular,bradycardia,44.057643807528606,True,False,False
normal,normal,bradycardia,31.83535229230667,True,False,False
normal,normal,bradycardia,28.708998691539765,True,False,False
normal,normal,normal,64.931270358331,True,True,True
normal,normal,bradycardia,39.47559513233676,True,False,False
normal,normal,bradycardia,46.9054499790822,True,False,False
ventricular,ventricular,bradycardia,39.78633877282411,True,False,False
normal,normal,bradycardia,51.39114522647374,True,False,False
normal,normal,bradycardia,34.079148574599145,True,False,False
normal,normal,bradycardia,46.54302194046958,True,False,False
other,other,bradycardia,40.326285665150834,True,False,False
normal,normal,bradycardia,46.26706011309929,True,False,False
normal,normal,bradycardia,35.83031623694373,True,False,False
normal,normal,bradycardia,45.33312585358744,True,False,False
normal,normal,bradycardia,46.744815733451944,True,False,False
normal,normal,bradycardia,41.20931288762484,True,False,False
ventricular,ventricular,bradycardia,33.55767038597328,True,False,False
normal,normal,bradycardia,42.63295036130818,True,False,False
normal,normal,bradycardia,33.44794721526205,True,False,False
supraventricular,supraventricular,bradycardia,40.31901990038817,True,False,False
normal,normal,bradycardia,49.73381576985982,True,False,False
ventricular,normal,bradycardia,42.23814075961908,False,False,False
normal,normal,bradycardia,41.16576657229965,True,False,False
normal,normal,bradycardia,38.58596414997135,True,False,False
normal,normal,bradycardia,46.56723754058964,True,False,False
other,other,bradycardia,40.36794250989955,True,False,False
normal,ventricular,bradycardia,43.238878405115514,False,False,False
normal,ventricular,bradycardia,35.93360146272049,False,False,False
supraventricular,normal,bradycardia,37.26185300929516,False,False,False
ventricular,ventricular,bradycardia,45.33849672458065,True,False,False
normal,normal,bradycardia,32.58877634841894,True,False,False
normal,normal,normal,60.932191765827184,True,True,True
normal,normal,bradycardia,35.191325229632646,True,False,False
ventricular,ventricular,bradycardia,47.24802089624054,True,False,False
normal,normal,bradycardia,50.30768515338116,True,False,False
supraventricular,ventricular,bradycardia,57.558704171306424,False,False,False
supraventricular,supraventricular,bradycardia,50.387225790933954,True,False,False
normal,normal,bradycardia,33.57482146804502,True,False,False
normal,normal,bradycardia,37.05028432633141,True,False,False
ventricular,ventricular,bradycardia,47.79654534427454,True,False,False
normal,normal,bradycardia,45.18078127529824,True,False,False
normal,normal,bradycardia,50.93710806763683,True,False,False
normal,normal,bradycardia,38.069482065798574,True,False,False
ventricular,ventricular,bradycardia,46.789193560926286,True,False,False
normal,normal,bradycardia,26.45010191438277,True,False,False
normal,normal,bradycardia,47.343349160698764,True,False,False
normal,normal,bradycardia,38.59698893332127,True,False,False
normal,normal,bradycardia,37.845570788062325,True,False,False
normal,normal,bradycardia,40.85356839963688,True,False,False
normal,normal,bradycardia,29.738167231813506,True,False,False
normal,normal,bradycardia,46.660436817024376,True,False,False
ventricular,ventricular,bradycardia,55.50334728571982,True,False,False
normal,normal,bradycardia,38.02227147039046,True,False,False
ventricular,ventricular,bradycardia,45.80585951561116,True,False,False
normal,normal,bradycardia,27.462283593323065,True,False,False
normal,normal,bradycardia,35.251536973176854,True,False,False
normal,normal,bradycardia,41.26931202795864,True,False,False
normal,normal,bradycardia,28.247152670560737,True,False,False
ventricular,normal,bradycardia,58.98401149936262,False,False,False
normal,normal,bradycardia,44.12526743463848,True,False,False
normal,normal,bradycardia,47.4788749658844,True,False,False
ventricular,ventricular,bradycardia,39.5476532752473,True,False,False
ventricular,ventricular,bradycardia,38.08150413574951,True,False,False
normal,normal,bradycardia,41.40619536386435,True,False,False
fusion,ventricular,normal,61.31448807632886,False,False,False
normal,normal,bradycardia,49.76121996447302,True,False,False
normal,normal,bradycardia,41.632668091009954,True,False,False
supraventricular,supraventricular,bradycardia,40.31901990038817,True,False,False
ventricular,ventricular,bradycardia,39.85177697702534,True,False,False
normal,normal,bradycardia,47.26678919330134,True,False,False
supraventricular,supraventricular,normal,61.15005836387552,True,False,False
normal,normal,bradycardia,42.74067998141741,True,False,False
normal,normal,bradycardia,33.921873419204076,True,False,False
ventricular,ventricular,bradycardia,39.78633877282411,True,False,False
ventricular,ventricular,bradycardia,46.67204091605177,True,False,False
normal,normal,bradycardia,46.39007953604076,True,False,False
normal,normal,bradycardia,37.08148007673093,True,False,False
normal,normal,bradycardia,37.81449987957813,True,False,False
normal,normal,bradycardia,32.64252958651084,True,False,False
normal,normal,bradycardia,51.45480639804917,True,False,False
normal,normal,bradycardia,43.00731302177198,True,False,False
normal,normal,bradycardia,47.691890990994196,True,False,False
normal,normal,bradycardia,40.99106398910318,True,False,False
normal,normal,bradycardia,30.398412313070594,True,False,False
normal,normal,bradycardia,49.30884515761773,True,False,False
supraventricular,supraventricular,normal,64.557786870655,True,False,False
ventricular,ventricular,bradycardia,46.751495600954996,True,False,False
normal,normal,bradycardia,49.934505670603535,True,False,False
normal,normal,bradycardia,20.066721410026698,True,False,False
normal,normal,bradycardia,28.15467837761544,True,False,False
normal,normal,bradycardia,28.481494435165274,True,False,False
ventricular,ventricular,bradycardia,59.75820116331619,True,False,False
normal,normal,bradycardia,19.900264497148964,True,False,False
ventricular,ventricular,normal,61.1170168982263,True,False,False
ventricular,ventricular,bradycardia,40.12752509177285,True,False,False
normal,normal,bradycardia,47.0957339258675,True,False,False
normal,normal,bradycardia,53.98022215140826,True,False,False
normal,normal,bradycardia,32.64475203509093,True,False,False
normal,normal,bradycardia,52.24649387383094,True,False,False
normal,normal,bradycardia,38.16028318760828,True,False,False
normal,normal,bradycardia,44.4782044585331,True,False,False
normal,normal,bradycardia,39.19072824258744,True,False,False
normal,normal,bradycardia,31.89373885271273,True,False,False
normal,normal,bradycardia,47.44870456045589,True,False,False
normal,normal,bradycardia,37.64450494663257,True,False,False
normal,normal,bradycardia,45.82223436275264,True,False,False
normal,normal,bradycardia,27.636114365073954,True,False,False
normal,normal,bradycardia,33.33602939113258,True,False,False
normal,normal,bradycardia,28.00018680265133,True,False,False
normal,normal,bradycardia,36.889793503046135,True,False,False
other,other,bradycardia,40.548606561811766,True,False,False
normal,normal,bradycardia,51.53792351502314,True,False,False
ventricular,ventricular,normal,60.60648519816214,True,False,False
ventricular,ventricular,bradycardia,29.96748125678459,True,False,False
normal,normal,bradycardia,38.50865969572416,True,False,False
normal,normal,normal,77.5701484617651,True,True,True
ventricular,ventricular,bradycardia,46.55039766465464,True,False,False
normal,normal,bradycardia,45.194965583650145,True,False,False
normal,normal,bradycardia,32.605566923618305,True,False,False
normal,normal,bradycardia,29.33593490274773,True,False,False
normal,normal,bradycardia,44.15652154062736,True,False,False
ventricular,ventricular,bradycardia,43.597375577483035,True,False,False
ventricular,ventricular,bradycardia,44.36735389341983,True,False,False
normal,normal,bradycardia,41.188442415182315,True,False,False
normal,normal,bradycardia,50.70876041913256,True,False,False
normal,normal,tachycardia,100.4482202153481,True,False,False
normal,normal,bradycardia,46.28083310359419,True,False,False
normal,normal,bradycardia,28.265182648897486,True,False,False
ventricular,ventricular,bradycardia,51.650959069007676,True,False,False
ventricular,ventricular,bradycardia,59.90020986769265,True,False,False
normal,normal,bradycardia,40.51650772209608,True,False,False
normal,normal,bradycardia,32.31232602573233,True,False,False
normal,normal,bradycardia,49.74990913030319,True,False,False
normal,normal,bradycardia,40.06501496977514,True,False,False
normal,normal,bradycardia,29.91203593312551,True,False,False
normal,normal,normal,68.05106646999832,True,True,True
normal,normal,bradycardia,50.46091938667128,True,False,False
normal,normal,bradycardia,44.218275789408004,True,False,False
normal,normal,bradycardia,31.288038233429056,True,False,False
normal,normal,bradycardia,37.547787222310305,True,False,False
ventricular,ventricular,bradycardia,44.119338149142806,True,False,False
normal,normal,bradycardia,38.56132563545165,True,False,False
normal,normal,bradycardia,44.91206276263367,True,False,False
normal,normal,bradycardia,37.31828979772203,True,False,False
normal,ventricular,bradycardia,39.58674868537968,False,False,False
normal,normal,normal,66.99183289198596,True,True,True
normal,normal,bradycardia,35.05721178605177,True,False,False
normal,normal,bradycardia,42.95376374539925,True,False,False
ventricular,ventricular,bradycardia,52.439965570270076,True,False,False
normal,normal,bradycardia,34.037345646613126,True,False,False
supraventricular,supraventricular,bradycardia,40.41106347994131,True,False,False
normal,normal,bradycardia,38.263346930652645,True,False,False
normal,normal,bradycardia,45.974034236014845,True,False,False
normal,normal,bradycardia,46.9054499790822,True,False,False
normal,normal,bradycardia,50.42195335631074,True,False,False
ventricular,ventricular,bradycardia,35.95433280244492,True,False,False
ventricular,ventricular,bradycardia,59.02379725807935,True,False,False
ventricular,ventricular,normal,60.75594577843826,True,False,False
normal,normal,bradycardia,35.776576275785594,True,False,False
ventricular,ventricular,normal,63.34739177795499,True,False,False
normal,normal,bradycardia,40.654974108056635,True,False,False
normal,normal,bradycardia,44.3441602336056,True,False,False
normal,normal,bradycardia,56.283042928077734,True,False,False
supraventricular,supraventricular,bradycardia,47.911503160274826,True,False,False
normal,normal,bradycardia,47.5764749278661,True,False,False
normal,normal,bradycardia,27.633848987399233,True,False,False
normal,normal,bradycardia,49.78567005766441,True,False,False
normal,normal,bradycardia,46.60687687943063,True,False,False
ventricular,ventricular,bradycardia,45.520958185396175,True,False,False
ventricular,ventricular,bradycardia,45.422382563933105,True,False,False
normal,normal,bradycardia,28.828644776804445,True,False,False
normal,normal,bradycardia,34.74028784482038,True,False,False
normal,normal,bradycardia,50.19072792878094,True,False,False
normal,normal,bradycardia,46.17625806206888,True,False,False
ventricular,ventricular,normal,63.63485945301555,True,False,False
normal,normal,bradycardia,49.689902967422135,True,False,False
normal,normal,bradycardia,47.309121159160206,True,False,False
supraventricular,normal,bradycardia,55.19493402877747,False,False,False
normal,normal,bradycardia,31.38466710028833,True,False,False
ventricular,ventricular,bradycardia,47.27999621708136,True,False,False
normal,normal,bradycardia,28.59211137261542,True,False,False
supraventricular,supraventricular,bradycardia,37.3400342678389,True,False,False
ventricular,ventricular,bradycardia,28.22874454123338,True,False,False
supraventricular,normal,bradycardia,51.51235748689248,False,False,False
normal,normal,bradycardia,31.38466710028833,True,False,False
normal,normal,bradycardia,32.16542309326442,True,False,False
normal,normal,bradycardia,37.64666975845794,True,False,False
normal,normal,bradycardia,32.66053907359583,True,False,False
supraventricular,supraventricular,bradycardia,49.781342977282364,True,False,False
normal,normal,bradycardia,44.90786109817498,True,False,False
normal,normal,bradycardia,38.55104786410341,True,False,False
supraventricular,supraventricular,bradycardia,40.777518453844316,True,False,False
normal,normal,bradycardia,38.870813634335555,True,False,False
normal,ventricular,bradycardia,29.547270056162187,False,False,False
ventricular,ventricular,bradycardia,56.90835911121217,True,False,False
normal,normal,bradycardia,54.92233579417625,True,False,False
normal,normal,bradycardia,46.077035033080506,True,False,False
supraventricular,supraventricular,bradycardia,38.41523337637851,True,False,False
normal,normal,bradycardia,43.868799327304124,True,False,False
normal,normal,bradycardia,29.60649214436672,True,False,False
normal,normal,bradycardia,30.117531856516372,True,False,False
normal,normal,bradycardia,49.27500570847022,True,False,False
supraventricular,supraventricular,bradycardia,41.16002592063094,True,False,False
ventricular,ventricular,bradycardia,34.186264481354065,True,False,False
normal,normal,bradycardia,29.00773851371147,True,False,False
ventricular,ventricular,normal,60.91372860624832,True,False,False
normal,normal,bradycardia,38.756700356564416,True,False,False
normal,normal,bradycardia,30.698527488031246,True,False,False
normal,normal,bradycardia,43.79888339781879,True,False,False
ventricular,normal,bradycardia,59.234555167569106,False,False,False
normal,normal,bradycardia,33.74602997697704,True,False,False
normal,normal,bradycardia,36.66337685242157,True,False,False
ventricular,ventricular,bradycardia,44.09704057012638,True,False,False
normal,normal,bradycardia,30.09168363262178,True,False,False
other,other,bradycardia,40.60900748966138,True,False,False
normal,normal,bradycardia,33.74380252061774,True,False,False
normal,normal,bradycardia,44.71230923632453,True,False,False
normal,normal,bradycardia,48.65142807048257,True,False,False
ventricular,ventricular,bradycardia,44.91610155866015,True,False,False
ventricular,ventricular,bradycardia,42.2453686325393,True,False,False
other,other,bradycardia,39.49921405141171,True,False,False
ventricular,ventricular,bradycardia,59.53004962971309,True,False,False
normal,normal,bradycardia,30.796996911119376,True,False,False
normal,normal,bradycardia,39.689278714076735,True,False,False
normal,normal,bradycardia,28.33532595695864,True,False,False
normal,normal,bradycardia,26.090674780674565,True,False,False
normal,normal,bradycardia,33.68100002139367,True,False,False
normal,normal,bradycardia,46.39471245259861,True,False,False
normal,normal,bradycardia,31.523532190484925,True,False,False
normal,normal,bradycardia,46.689268919144105,True,False,False
normal,normal,bradycardia,28.10629679577505,True,False,False
ventricular,normal,bradycardia,48.456389043571875,False,False,False
supraventricular,ventricular,bradycardia,39.945691123572665,False,False,False
ventricular,ventricular,bradycardia,47.14775268847729,True,False,False
normal,normal,bradycardia,39.74824115267561,True,False,False
normal,normal,bradycardia,59.26131273551537,True,False,False
supraventricular,supraventricular,bradycardia,49.76239127381192,True,False,False
supraventricular,supraventricular,bradycardia,39.963063833728725,True,False,False
normal,normal,bradycardia,46.276716446425255,True,False,False
normal,normal,bradycardia,44.71230923632453,True,False,False
normal,ventricular,bradycardia,36.08805558500798,False,False,False
normal,normal,bradycardia,30.282014826994665,True,False,False
normal,normal,bradycardia,29.00773851371147,True,False,False
normal,normal,bradycardia,32.41698398296131,True,False,False
ventricular,ventricular,bradycardia,38.81551019122082,True,False,False
normal,normal,bradycardia,26.399249103003,True,False,False
normal,normal,bradycardia,30.429453611083744,True,False,False
normal,normal,bradycardia,46.77124193043283,True,False,False
normal,normal,bradycardia,44.14582516870925,True,False,False
normal,normal,bradycardia,27.801965075697563,True,False,False
normal,normal,bradycardia,38.80648656509294,True,False,False
ventricular,ventricular,bradycardia,34.407410176118184,True,False,False
normal,normal,bradycardia,28.72431740917882,True,False,False
normal,normal,bradycardia,27.45123920088212,True,False,False
normal,ventricular,bradycardia,50.23996105509046,False,False,False
ventricular,ventricular,bradycardia,46.02247083685341,True,False,False
normal,normal,bradycardia,46.05606160667942,True,False,False
ventricular,ventricular,bradycardia,48.05830973976601,True,False,False
normal,normal,bradycardia,51.399515471562744,True,False,False
supraventricular,supraventricular,bradycardia,36.96411673420122,True,False,False
normal,normal,bradycardia,51.87204903225097,True,False,False
normal,normal,bradycardia,30.796996911119376,True,False,False
ventricular,ventricular,normal,63.21131835578074,True,False,False
normal,normal,bradycardia,30.429453611083744,True,False,False
ventricular,ventricular,bradycardia,40.219093442352246,True,False,False
normal,normal,bradycardia,36.51971731012939,True,False,False
normal,normal,bradycardia,19.524078739687333,True,False,False
normal,normal,bradycardia,38.47711564793678,True,False,False
normal,normal,bradycardia,38.479621734679306,True,False,False
supraventricular,supraventricular,bradycardia,39.83032068533142,True,False,False
normal,normal,bradycardia,37.797719848923784,True,False,False
normal,normal,bradycardia,27.40549758953066,True,False,False
normal,normal,bradycardia,32.90894025251126,True,False,False
normal,normal,bradycardia,44.42351962973674,True,False,False
normal,normal,normal,60.868157278311564,True,True,True
normal,normal,bradycardia,31.83535229230667,True,False,False
normal,normal,bradycardia,37.321252525379336,True,False,False
normal,normal,bradycardia,31.8556198819599,True,False,False
normal,normal,bradycardia,34.82095001116781,True,False,False
ventricular,ventricular,bradycardia,47.69475037084785,True,False,False
normal,normal,bradycardia,36.65289013592881,True,False,False
normal,normal,bradycardia,46.66625759424877,True,False,False
normal,normal,bradycardia,40.59552553531177,True,False,False
normal,normal,bradycardia,34.54839598330074,True,False,False
normal,normal,bradycardia,29.851104823325556,True,False,False
ventricular,ventricular,bradycardia,32.5857702638648,True,False,False
ventricular,ventricular,bradycardia,46.82846282042834,True,False,False
normal,normal,bradycardia,33.737184755228206,True,False,False
normal,normal,bradycardia,32.389847074319825,True,False,False
normal,normal,bradycardia,31.256629214318522,True,False,False
normal,normal,bradycardia,37.814615505666275,True,False,False
normal,normal,bradycardia,45.510340043163175,True,False,False
normal,normal,bradycardia,45.51448689546684,True,False,False
ventricular,ventricular,normal,62.08004448249724,True,False,False
supraventricular,normal,bradycardia,42.0577446342176,False,False,False
ventricular,ventricular,bradycardia,34.43037722414553,True,False,False
normal,normal,bradycardia,47.84324629038044,True,False,False
normal,normal,bradycardia,50.895270988944795,True,False,False
ventricular,ventricular,bradycardia,59.521714179439556,True,False,False
normal,normal,bradycardia,31.707173066794432,True,False,False
normal,ventricular,bradycardia,40.95411194698469,False,False,False
normal,normal,bradycardia,39.369460407105514,True,False,False
ventricular,ventricular,bradycardia,41.605147856193696,True,False,False
normal,normal,bradycardia,48.51230671220475,True,False,False
normal,normal,bradycardia,27.827568854310925,True,False,False
normal,normal,bradycardia,27.543590386572735,True,False,False
normal,normal,bradycardia,42.63560365299267,True,False,False
ventricular,ventricular,bradycardia,39.13123699660806,True,False,False
normal,normal,bradycardia,43.47827301200167,True,False,False
normal,normal,bradycardia,41.864391535703966,True,False,False
normal,normal,bradycardia,36.06818440561613,True,False,False
normal,normal,bradycardia,37.493864136867614,True,False,False
normal,normal,bradycardia,35.04918827186215,True,False,False
normal,normal,bradycardia,43.948469109505574,True,False,False
normal,normal,bradycardia,37.79194213144093,True,False,False
normal,normal,normal,61.835298610386126,True,True,True
normal,normal,bradycardia,34.70449422115577,True,False,False
normal,normal,bradycardia,50.15085523872762,True,False,False
normal,normal,bradycardia,49.18769948689166,True,False,False
ventricular,ventricular,bradycardia,40.99816026176327,True,False,False
other,other,bradycardia,40.59673976047732,True,False,False
normal,normal,bradycardia,30.142951100524094,True,False,False
normal,normal,bradycardia,32.23365469155941,True,False,False
ventricular,ventricular,bradycardia,52.25218840721527,True,False,False
normal,normal,bradycardia,40.849478532676756,True,False,False
ventricular,ventricular,bradycardia,46.34503077683085,True,False,False
normal,normal,bradycardia,33.44794721526205,True,False,False
normal,normal,bradycardia,42.83814652620758,True,False,False
ventricular,ventricular,bradycardia,44.02791418823533,True,False,False
normal,normal,bradycardia,29.50634313222934,True,False,False
ventricular,ventricular,bradycardia,59.9412182432032,True,False,False
normal,normal,bradycardia,48.943226350849876,True,False,False
ventricular,ventricular,bradycardia,31.888378334345536,True,False,False
fusion,ventricular,bradycardia,58.2830534588751,False,False,False
normal,normal,bradycardia,28.636745807963564,True,False,False
normal,normal,bradycardia,46.60687687943063,True,False,False
normal,normal,bradycardia,28.636745807963564,True,False,False
normal,normal,bradycardia,44.46291204016049,True,False,False
normal,normal,bradycardia,32.193647779856256,True,False,False
normal,normal,bradycardia,46.94793133239405,True,False,False
normal,ventricular,normal,61.30115613252187,False,True,False
normal,normal,bradycardia,31.35793850615731,True,False,False
normal,normal,bradycardia,29.146529532370057,True,False,False
normal,normal,bradycardia,33.662690608952346,True,False,False
ventricular,ventricular,bradycardia,49.543640109173886,True,False,False
ventricular,ventricular,bradycardia,45.65720312665263,True,False,False
normal,normal,bradycardia,48.04373356615117,True,False,False
ventricular,ventricular,bradycardia,40.46260318805987,True,False,False
normal,normal,bradycardia,48.6037371742372,True,False,False
normal,normal,bradycardia,36.60138584217359,True,False,False
normal,normal,bradycardia,39.0562462281865,True,False,False
supraventricular,normal,bradycardia,58.83436231453486,False,False,False
ventricular,ventricular,bradycardia,45.34876377249281,True,False,False
normal,normal,bradycardia,37.615682807344676,True,False,False
supraventricular,normal,bradycardia,51.303690661141566,False,False,False
normal,normal,bradycardia,32.81015112622774,True,False,False
normal,normal,bradycardia,30.302703820581748,True,False,False
normal,normal,bradycardia,19.617473345855792,True,False,False
normal,normal,bradycardia,35.23706255576983,True,False,False
normal,normal,bradycardia,32.23815887550398,True,False,False
ventricular,normal,normal,65.72433214438814,False,False,True
normal,normal,bradycardia,46.51770523235915,True,False,False
normal,normal,bradycardia,51.990206002253366,True,False,False
ventricular,ventricular,bradycardia,47.13990137576501,True,False,False
normal,normal,bradycardia,28.194211614235922,True,False,False
normal,normal,bradycardia,42.50283111707463,True,False,False
ventricular,ventricular,bradycardia,31.591220738133025,True,False,False
normal,normal,bradycardia,34.43093222711535,True,False,False
ventricular,ventricular,bradycardia,34.283781075848545,True,False,False
ventricular,ventricular,bradycardia,56.92893013118382,True,False,False
normal,normal,bradycardia,34.41138410882516,True,False,False
normal,normal,normal,61.54933056452463,True,True,True
normal,normal,bradycardia,26.505733353610022,True,False,False
ventricular,ventricular,bradycardia,50.50988485468345,True,False,False
normal,normal,bradycardia,47.05549333630533,True,False,False
normal,normal,bradycardia,46.627078397919405,True,False,False
normal,normal,bradycardia,49.1790329673215,True,False,False
ventricular,ventricular,normal,60.46683191536094,True,False,False
normal,normal,bradycardia,28.6837022944052,True,False,False
normal,normal,bradycardia,50.39696759330345,True,False,False
normal,normal,bradycardia,28.534639547703698,True,False,False
other,other,bradycardia,38.750093916988426,True,False,False
normal,normal,bradycardia,51.536086624832244,True,False,False
normal,normal,bradycardia,31.768985384911545,True,False,False
normal,normal,bradycardia,41.59649488173076,True,False,False
normal,normal,bradycardia,28.194211614235922,True,False,False
normal,normal,bradycardia,35.63679412132139,True,False,False
normal,normal,bradycardia,33.229044822458086,True,False,False
normal,normal,bradycardia,37.17128079081845,True,False,False
normal,normal,bradycardia,32.28966280679822,True,False,False
ventricular,ventricular,bradycardia,46.55039766465464,True,False,False
ventricular,ventricular,normal,60.75594577843826,True,False,False
normal,normal,bradycardia,46.16106807545064,True,False,False
normal,normal,bradycardia,49.76290002024049,True,False,False
supraventricular,supraventricular,bradycardia,42.71785341872646,True,False,False
normal,normal,bradycardia,26.952369409913594,True,False,False
supraventricular,normal,bradycardia,38.666981811308695,False,False,False
ventricular,ventricular,bradycardia,40.410019324459064,True,False,False
supraventricular,supraventricular,bradycardia,37.71622721907652,True,False,False
ventricular,ventricular,bradycardia,45.520333684822674,True,False,False
other,other,bradycardia,39.40161262189951,True,False,False
normal,normal,bradycardia,39.47559513233676,True,False,False
supraventricular,supraventricular,bradycardia,40.10970265199259,True,False,False
normal,normal,bradycardia,35.19174317176976,True,False,False
ventricular,ventricular,normal,60.74984593309743,True,False,False
normal,normal,bradycardia,40.94557981213276,True,False,False
normal,normal,bradycardia,40.517956340941126,True,False,False
normal,normal,bradycardia,40.95150808645016,True,False,False
normal,normal,bradycardia,39.872029758254335,True,False,False
normal,normal,bradycardia,39.447768084364725,True,False,False
normal,normal,bradycardia,48.77308374438461,True,False,False
ventricular,ventricular,bradycardia,45.87510959243281,True,False,False
normal,normal,bradycardia,46.46911896825486,True,False,False
supraventricular,supraventricular,bradycardia,40.15712455570565,True,False,False
normal,normal,bradycardia,46.898985119192695,True,False,False
ventricular,ventricular,bradycardia,46.24572253909436,True,False,False
ventricular,ventricular,bradycardia,55.53266403483896,True,False,False
normal,ventricular,normal,68.83412961575354,False,True,False
normal,supraventricular,bradycardia,52.83404361841339,False,False,False
normal,normal,bradycardia,40.94557981213276,True,False,False
normal,normal,bradycardia,19.837737799959957,True,False,False
supraventricular,supraventricular,bradycardia,40.25101930129961,True,False,False
ventricular,ventricular,bradycardia,47.44682196127849,True,False,False
normal,normal,bradycardia,27.82462182797849,True,False,False
ventricular,ventricular,bradycardia,40.435817200733844,True,False,False
normal,normal,bradycardia,42.40563108117706,True,False,False
normal,normal,bradycardia,48.33411940262001,True,False,False
other,other,bradycardia,39.95663387760806,True,False,False
ventricular,ventricular,normal,61.99154956231309,True,False,False
ventricular,ventricular,bradycardia,46.84851767155557,True,False,False
normal,normal,bradycardia,45.738397011682046,True,False,False
normal,normal,normal,94.25940523712596,True,True,True
supraventricular,supraventricular,bradycardia,40.612442691204016,True,False,False
normal,normal,bradycardia,46.531618748073804,True,False,False
supraventricular,supraventricular,bradycardia,42.0316317221871,True,False,False
normal,normal,bradycardia,28.631557188879782,True,False,False
normal,normal,bradycardia,48.656019182891335,True,False,False
normal,normal,bradycardia,51.30095768672959,True,False,False
normal,normal,bradycardia,51.93864693519238,True,False,False
normal,normal,bradycardia,51.75636737345559,True,False,False
normal,normal,bradycardia,20.383106182278688,True,False,False
normal,normal,bradycardia,20.164376940048093,True,False,False
normal,ventricular,bradycardia,44.12395215875964,False,False,False
ventricular,ventricular,bradycardia,40.918918051873455,True,False,False
normal,normal,bradycardia,30.337838032945648,True,False,False
normal,normal,bradycardia,32.65010784080947,True,False,False
normal,normal,bradycardia,46.39887578563638,True,False,False
normal,normal,bradycardia,31.79183817795537,True,False,False
normal,normal,bradycardia,32.124829693404905,True,False,False
ventricular,ventricular,bradycardia,40.15903479148008,True,False,False
supraventricular,normal,bradycardia,59.42268044008682,False,False,False
normal,normal,bradycardia,31.248657649757277,True,False,False
ventricular,ventricular,bradycardia,34.3169346153102,True,False,False
supraventricular,supraventricular,bradycardia,37.19554112659608,True,False,False
supraventricular,supraventricular,bradycardia,43.60966422443449,True,False,False
supraventricular,supraventricular,bradycardia,40.612442691204016,True,False,False
supraventricular,supraventricular,bradycardia,41.773406963204245,True,False,False
normal,normal,bradycardia,30.749277375327146,True,False,False
normal,normal,normal,64.27049979694976,True,True,True
ventricular,normal,normal,60.57460498884181,False,False,True
normal,normal,bradycardia,48.46575111233905,True,False,False
normal,normal,bradycardia,38.395715335013016,True,False,False
ventricular,ventricular,bradycardia,34.17803327419954,True,False,False
normal,normal,bradycardia,31.256629214318522,True,False,False
normal,normal,bradycardia,36.63003822584103,True,False,False
other,other,bradycardia,39.327169427593354,True,False,False
ventricular,ventricular,bradycardia,45.4488953868189,True,False,False
normal,normal,bradycardia,37.355963796295654,True,False,False
normal,normal,bradycardia,38.46343056630756,True,False,False
other,other,bradycardia,39.964921960219634,True,False,False
ventricular,ventricular,bradycardia,49.241251694387444,True,False,False
normal,normal,bradycardia,39.38653901410887,True,False,False
normal,normal,bradycardia,40.56033643328001,True,False,False
normal,normal,bradycardia,45.55608917748759,True,False,False
supraventricular,supraventricular,bradycardia,37.19554112659608,True,False,False
normal,normal,bradycardia,27.818759670533954,True,False,False
ventricular,ventricular,bradycardia,50.84273328493163,True,False,False
ventricular,ventricular,bradycardia,44.58457578020185,True,False,False
normal,normal,bradycardia,43.802596637246474,True,False,False
ventricular,ventricular,normal,73.23236200786812,True,False,False
normal,normal,bradycardia,35.120962205483494,True,False,False
ventricular,ventricular,bradycardia,44.99475674112902,True,False,False
fusion,fusion,bradycardia,52.5299111171778,True,False,False
normal,normal,bradycardia,27.84579045287085,True,False,False
other,other,bradycardia,40.30911444663648,True,False,False
ventricular,ventricular,bradycardia,53.79025985824699,True,False,False
normal,normal,bradycardia,49.589545541509885,True,False,False
ventricular,ventricular,bradycardia,40.95656992996114,True,False,False
supraventricular,supraventricular,bradycardia,44.07123808038401,True,False,False
normal,normal,bradycardia,46.49960590403438,True,False,False
normal,normal,bradycardia,50.37456974327812,True,False,False
normal,normal,bradycardia,44.278002754906744,True,False,False
ventricular,supraventricular,bradycardia,46.98570233610706,False,False,False
normal,normal,bradycardia,31.202665468357672,True,False,False
normal,normal,bradycardia,38.44648724010193,True,False,False
normal,normal,bradycardia,48.17388666485806,True,False,False
normal,normal,bradycardia,32.223218309983935,True,False,False
normal,normal,bradycardia,27.719275406313557,True,False,False
ventricular,ventricular,bradycardia,41.113542952375084,True,False,False
ventricular,ventricular,bradycardia,50.41250070364483,True,False,False
other,other,bradycardia,39.17337705398784,True,False,False
normal,normal,bradycardia,33.42186621369914,True,False,False
supraventricular,supraventricular,bradycardia,49.37785944856567,True,False,False
normal,normal,normal,77.5701484617651,True,True,True
normal,normal,bradycardia,50.69906031227394,True,False,False
supraventricular,supraventricular,bradycardia,40.936089342888344,True,False,False
other,other,bradycardia,39.10538112565125,True,False,False
normal,normal,bradycardia,39.19072824258744,True,False,False
supraventricular,normal,bradycardia,19.748458330603643,False,False,False
ventricular,ventricular,normal,60.93488972156772,True,False,False
normal,normal,bradycardia,39.797061216128995,True,False,False
normal,normal,bradycardia,40.99106398910318,True,False,False
normal,normal,bradycardia,37.94441930455753,True,False,False
normal,normal,bradycardia,31.291598723327738,True,False,False
supraventricular,normal,bradycardia,56.043800692247494,False,False,False
normal,normal,bradycardia,51.082781354966535,True,False,False
normal,normal,bradycardia,51.29002255960419,True,False,False
ventricular,normal,bradycardia,33.90328795891911,False,False,False
normal,normal,bradycardia,33.921873419204076,True,False,False
normal,normal,bradycardia,37.224396220229345,True,False,False
supraventricular,supraventricular,bradycardia,43.84856050457799,True,False,False
other,other,bradycardia,53.385068596731905,True,False,False
normal,normal,bradycardia,41.639671111897194,True,False,False
normal,normal,bradycardia,45.74767064086652,True,False,False
normal,normal,bradycardia,48.144997785273354,True,False,False
normal,normal,bradycardia,53.88299089365633,True,False,False
normal,normal,bradycardia,47.898318628400055,True,False,False
normal,normal,bradycardia,33.56953589145438,True,False,False
normal,normal,bradycardia,27.76494243613953,True,False,False
normal,normal,bradycardia,30.770433356370017,True,False,False
ventricular,normal,normal,61.954775958434354,False,False,True
normal,normal,bradycardia,41.88041284666242,True,False,False
ventricular,ventricular,bradycardia,38.981138930804015,True,False,False
supraventricular,supraventricular,bradycardia,40.10970265199259,True,False,False
normal,normal,bradycardia,20.206706273438083,True,False,False
normal,normal,bradycardia,47.126819262618724,True,False,False
normal,normal,bradycardia,35.987983917144554,True,False,False
normal,normal,bradycardia,38.290641472399486,True,False,False
normal,ventricular,bradycardia,40.664608022606224,False,False,False
supraventricular,normal,bradycardia,43.806591738749425,False,False,False
normal,normal,bradycardia,38.58596414997135,True,False,False
normal,normal,bradycardia,34.66411514555615,True,False,False
normal,normal,bradycardia,47.505427730466934,True,False,False
ventricular,ventricular,bradycardia,31.591220738133025,True,False,False
normal,normal,bradycardia,32.68979408726388,True,False,False
ventricular,ventricular,bradycardia,45.440373447613325,True,False,False
normal,normal,bradycardia,28.333238647409008,True,False,False
normal,normal,bradycardia,28.276433224849946,True,False,False
normal,supraventricular,bradycardia,45.188363196133665,False,False,False
ventricular,ventricular,bradycardia,45.08234598499485,True,False,False
ventricular,ventricular,bradycardia,55.99636881846212,True,False,False
supraventricular,supraventricular,bradycardia,48.511582911954456,True,False,False
ventricular,ventricular,bradycardia,48.5792188671465,True,False,False
normal,normal,bradycardia,33.11580780248144,True,False,False
normal,normal,bradycardia,30.751913352120646,True,False,False
ventricular,ventricular,bradycardia,37.73559918681475,True,False,False
normal,normal,normal,66.56934769607038,True,True,True
normal,normal,bradycardia,45.271973855229426,True,False,False
ventricular,ventricular,bradycardia,33.03324681629384,True,False,False
ventricular,ventricular,bradycardia,55.75942420609696,True,False,False
normal,normal,bradycardia,33.67582387366995,True,False,False
normal,normal,bradycardia,25.559795875578445,True,False,False
normal,normal,bradycardia,37.498172957222906,True,False,False
ventricular,ventricular,bradycardia,46.50599604088594,True,False,False
normal,normal,bradycardia,36.3050009114226,True,False,False
normal,normal,bradycardia,32.44322847444052,True,False,False
normal,normal,bradycardia,47.96496520328721,True,False,False
normal,normal,bradycardia,28.611015249557987,True,False,False
normal,normal,bradycardia,27.98861137488157,True,False,False
normal,normal,bradycardia,29.075319080252616,True,False,False
normal,normal,bradycardia,49.99155744889956,True,False,False
supraventricular,supraventricular,bradycardia,39.99105542547865,True,False,False
supraventricular,ventricular,normal,67.01890454437319,False,False,False
normal,normal,bradycardia,35.21805969368343,True,False,False
ventricular,ventricular,bradycardia,47.81037899501256,True,False,False
ventricular,ventricular,bradycardia,33.2086367600773,True,False,False
normal,normal,bradycardia,37.1496046821363,True,False,False
normal,normal,bradycardia,33.86974039590228,True,False,False
normal,normal,bradycardia,46.73230214738316,True,False,False
normal,normal,bradycardia,31.6275558556939,True,False,False
normal,normal,bradycardia,45.74633849211871,True,False,False
ventricular,ventricular,bradycardia,40.59026246254487,True,False,False
normal,normal,bradycardia,35.894859231068686,True,False,False
normal,normal,bradycardia,38.13561295076899,True,False,False
normal,normal,bradycardia,50.16518297807859,True,False,False
supraventricular,supraventricular,bradycardia,34.73240371422739,True,False,False
normal,normal,bradycardia,46.76477530727539,True,False,False
normal,normal,bradycardia,44.99405050117579,True,False,False
ventricular,ventricular,bradycardia,59.0590373561939,True,False,False
ventricular,ventricular,bradycardia,40.59026246254487,True,False,False
normal,normal,bradycardia,34.79364904989997,True,False,False
normal,normal,bradycardia,40.39285246797036,True,False,False
normal,normal,bradycardia,33.20331265135406,True,False,False
normal,normal,bradycardia,51.242391737412255,True,False,False
normal,normal,bradycardia,35.600367306980885,True,False,False
ventricular,ventricular,bradycardia,43.681477633618506,True,False,False
normal,normal,bradycardia,28.415739697110023,True,False,False
supraventricular,ventricular,bradycardia,56.43817147194558,False,False,False
